[CbmStar2019TofPar]
//----------------------------------------------------------------------------
MonitorMode: Int_t 1
DebugMonitorMode: Int_t 1
NrOfGdpbs: Int_t 6
GdpbIdArray: Int_t \
0x1970 0x18f6 0x1861 \
0x0b39 0x5f71 0x18b6
NrOfGbtx: Int_t 36
NrOfModule: Int_t 48
NrOfRpc: Int_t \
  3  3  3  3  3  3  3  3  3  3  3  3  3  3  3  3  3  3 \
  3  3  3  3  3  3  3  3  3  3  3  3  3  3  3  3  3  3 \
  3  3  3  3  3  3  3  3  3  3  3  3  3  3  3  3  3  3 \
  3  3  3  3  3  3  3  3  3  3  3  3  3  3  3  3  3  3
RpcType: Int_t \
  0  0  0  0  0  0  0  0  0  0  0  0  0  0  0  0  0  0 \
  0  0  0  0  0  0  0  0  0  0  0  0  0  0  0  0  0  0 \
  0  0  0  0  0  0  0  0  0  0  0  0  0  0  0  0  0  0 \
  0  0  0  0  0  0  0  0  0  0  0  0  0  0  0  0  0  0
RpcSide: Int_t \
  0  1  0  1  0  1  0  1  0  1  0  1  0  1  0  1  0  1 \
  0  1  0  1  0  1  0  1  0  1  0  1  0  1  0  1  0  1 \
  0  1  0  1  0  1  0  1  0  1  0  1  0  1  0  1  0  1 \
  0  1  0  1  0  1  0  1  0  1  0  1  0  1  0  1  0  1
ModuleId: Int_t \
  0  0  1  1  2  2  3  3  4  4  5  5  6  6  7  7  8  8 \
  9  9 10 10 11 11 12 12 13 13 14 14 15 15 16 16 17 17 \
 18 18 19 19 20 20 21 21 22 22 23 23 24 24 25 25 26 26 \
 27 27 28 28 29 29 30 30 31 31 32 32 33 33 34 34 35 35
NbMsTot: Int_t 100
NbMsOverlap: Int_t 1
SizeMsInNs: Double_t 102400.0
//SizeMsInNs: Double_t 1638400
StarTriggAllowedSpread: Double_t 10.0
StarTriggerDeadtime:  Double_t \
 1000.0  1000.0  1000.0  1000.0 \
 1000.0  1000.0  1000.0  1000.0 \
 1000.0  1000.0  1000.0  1000.0
StarTriggerDelay: Double_t \
-2000.0 -2000.0 -2000.0 -2000.0 \
-2000.0 -2000.0 -2000.0 -2000.0 \
-2000.0 -2000.0 -2000.0 -2000.0
StarTriggerWinSize: Double_t \
 2000.0  2000.0  2000.0  2000.0 \
 2000.0  2000.0  2000.0  2000.0 \
 2000.0  2000.0  2000.0  2000.0


