##############################################################################
# Class:   CbmTofDigiPar
# Context: TestDefaultContext
##############################################################################
[CbmTofDigiPar]
//----------------------------------------------------------------------------
NrOfCells:  Int_t  620 
CellIdArray:  Int_t \
  4102 8198 8214 8230 8246 12294 16390 20486 24582 28678  \
  32774 36870 36886 36902 90118 94214 98310 102406 102422 102438  \
  159750 163846 225286 229382 294918 360454 16781318 16789510 16793606 16797702  \
  16801798 16805894 16809990 16814086 16814102 16814118 16867334 16871430 16875526 16879622  \
  16879638 16879654 16936966 16941062 17002502 17006598 17072134 17137670 33558534 33566726  \
  33570822 33574918 33579014 33583110 33587206 33591302 33591318 33591334 33644550 33648646  \
  33652742 33656838 33656854 33656870 33714182 33718278 33779718 33783814 33849350 33914886  \
  50335750 50343942 50348038 50352134 50356230 50360326 50364422 50368518 50368534 50368550  \
  50421766 50425862 50429958 50434054 50434070 50434086 50491398 50495494 50556934 50561030  \
  50626566 50692102 67112966 67121158 67125254 67129350 67133446 67137542 67141638 67145734  \
  67145750 67145766 67198982 67203078 67207174 67211270 67211286 67211302 67268614 67272710  \
  67334150 67338246 67403782 67469318 83890182 83898374 83902470 83906566 83910662 83914758  \
  83918854 83922950 83922966 83922982 83976198 83980294 83984390 83988486 83988502 83988518  \
  84045830 84049926 84111366 84115462 84180998 84246534 100667398 100675590 100679686 100683782  \
  100687878 100691974 100696070 100700166 100700182 100700198 100753414 100757510 100761606 100765702  \
  100765718 100765734 100823046 100827142 100888582 100892678 100958214 101023750 117444614 117452806  \
  117456902 117460998 117465094 117469190 117473286 117477382 117477398 117477414 117530630 117534726  \
  117538822 117542918 117542934 117542950 117600262 117604358 117665798 117669894 117735430 117800966  \
  134221830 134230022 134234118 134238214 134242310 134246406 134254598 134254614 134254630 134307846  \
  134311942 134320134 134320150 134320166 134377478 134443014 150999046 151007238 151011334 151015430  \
  151019526 151023622 151031814 151031830 151031846 151085062 151089158 151097350 151097366 151097382  \
  151154694 151220230 167776262 167784454 167788550 167792646 167796742 167800838 167809030 167809046  \
  167809062 167862278 167866374 167874566 167874582 167874598 167931910 167997446 184553478 184561670  \
  184565766 184569862 184573958 184578054 184586246 184586262 184586278 184639494 184643590 184651782  \
  184651798 184651814 184709126 184774662 201330694 201338886 201342982 201347078 201351174 201355270  \
  201363462 201363478 201363494 201416710 201420806 201428998 201429014 201429030 201486342 201551878  \
  218107910 218116102 218120198 218124294 218128390 218132486 218140678 218140694 218140710 218193926  \
  218198022 218206214 218206230 218206246 218263558 218329094 234885126 234893318 234897414 234901510  \
  234905606 234909702 234917894 234917910 234917926 234971142 234975238 234983430 234983446 234983462  \
  235040774 235106310 251662342 251670534 251674630 251678726 251682822 251686918 251695110 251695126  \
  251695142 251748358 251752454 251760646 251760662 251760678 251817990 251883526 268439558 268447750  \
  268460038 268464134 268472326 268472342 268472358 268525574 268529670 268537862 268537878 268537894  \
  268595206 268660742 285216774 285224966 285237254 285241350 285249542 285249558 285249574 285302790  \
  285306886 285315078 285315094 285315110 285372422 285437958 301993990 302002182 302014470 302018566  \
  302026758 302026774 302026790 302080006 302084102 302092294 302092310 302092326 302149638 302215174  \
  318771206 318779398 318791686 318795782 318803974 318803990 318804006 318857222 318861318 318869510  \
  318869526 318869542 318926854 318992390 335548422 335556614 335568902 335572998 335581190 335581206  \
  335581222 335634438 335638534 335646726 335646742 335646758 335704070 335769606 352325638 352333830  \
  352346118 352350214 352358406 352358422 352358438 352411654 352415750 352423942 352423958 352423974  \
  352481286 352546822 369102854 369111046 369123334 369127430 369135622 369135638 369135654 369188870  \
  369192966 369201158 369201174 369201190 369258502 369324038 385880070 385888262 385900550 385904646  \
  385912838 385912854 385912870 385966086 385970182 385978374 385978390 385978406 386035718 386101254  \
  402657286 402665478 402677766 402681862 402690054 402690070 402690086 402743302 402747398 402755590  \
  402755606 402755622 402812934 402878470 419434502 419442694 419454982 419459078 419467270 419467286  \
  419467302 419520518 419524614 419532806 419532822 419532838 419590150 419655686 436211718 436219910  \
  436232198 436236294 436244486 436244502 436244518 436297734 436301830 436310022 436310038 436310054  \
  436367366 436432902 452988934 452997126 453009414 453013510 453021702 453021718 453021734 453074950  \
  453079046 453087238 453087254 453087270 453144582 453210118 469766150 469774342 469786630 469790726  \
  469798918 469798934 469798950 469852166 469856262 469864454 469864470 469864486 469921798 469987334  \
  486543366 486551558 486563846 486567942 486576134 486576150 486576166 486629382 486633478 486641670  \
  486641686 486641702 486699014 486764550 503320582 503328774 503341062 503345158 503353350 503353366  \
  503353382 503406598 503410694 503418886 503418902 503418918 503476230 503541766 520097798 520105990  \
  520118278 520122374 520130566 520130582 520130598 520183814 520187910 520196102 520196118 520196134  \
  520253446 520318982 536875014 536895494 536899590 536961030 536965126 537030662 537096198 553652230  \
  553672710 553676806 553738246 553742342 553807878 553873414 570429446 570449926 570454022 570515462  \
  570519558 570585094 570650630 587206662 587227142 587231238 587292678 587296774 587362310 587427846  \
  603983878 604004358 604008454 604069894 604073990 604139526 604205062 620761094 620781574 620785670  \
  620847110 620851206 620916742 620982278 637538310 637558790 637562886 637624326 637628422 637693958  \
  637759494 654315526 654336006 654340102 654401542 654405638 654471174 654536710 671092742 687869958  \
  704647174 721424390 738201606 754978822 771756038 788533254 805310470 822087686 838864902 855642118  \
  872419334 889196550 905973766 922750982 939528198 956305414 973082630 989859846 1006637062 1023414278  \
  1040191494 1056968710 1073745926 1090523142 1107300358 1124077574 1140854790 1157632006 1174409222 1191186438 
CellXArray:  Double_t \
  10.875 -1.22465e-16 -1.22465e-16 -1.22465e-16 -1.22465e-16 -1.07157e-15 0.2 -0.09375 -19.195 -28.04  \
  7 -17.5 -17.5 -17.5 -10.14 -28.04 4.8 -17.5 -17.5 -17.5  \
  1.96 2.6 1.96 0.4 -1.8 -4 10.625 -1.01033e-15 0.2 -0.08125  \
  -18.185 -27.32 7 -16.5 -16.5 -16.5 -9.42 -27.32 4.8 -16.5  \
  -16.5 -16.5 2.68 2.6 2.68 0.4 -1.8 -4 10.375 -9.49101e-16  \
  0.2 -0.06875 -17.175 -26.6 7 -15.5 -15.5 -15.5 -8.7 -26.6  \
  4.8 -15.5 -15.5 -15.5 3.4 2.6 3.4 0.4 -1.8 -4  \
  10.125 -8.87869e-16 0.2 -0.05625 -16.165 -25.88 7 -14.5 -14.5 -14.5  \
  -7.98 -25.88 4.8 -14.5 -14.5 -14.5 4.12 2.6 4.12 0.4  \
  -1.8 -4 9.875 -8.26637e-16 0.2 -0.04375 -15.155 -25.16 7 -13.5  \
  -13.5 -13.5 -7.26 -25.16 4.8 -13.5 -13.5 -13.5 4.84 2.6  \
  4.84 0.4 -1.8 -4 9.625 -7.65404e-16 0.2 -0.03125 -14.145 -24.44  \
  7 -12.5 -12.5 -12.5 -6.54 -24.44 4.8 -12.5 -12.5 -12.5  \
  5.56 2.6 5.56 0.4 -1.8 -4 9.375 -7.04172e-16 0.2 -0.01875  \
  -13.135 -23.72 7 -11.5 -11.5 -11.5 -5.82 -23.72 4.8 -11.5  \
  -11.5 -11.5 6.28 2.6 6.28 0.4 -1.8 -4 9.125 -6.4294e-16  \
  0.2 -0.00625 -12.125 -23 7 -10.5 -10.5 -10.5 -5.1 -23  \
  4.8 -10.5 -10.5 -10.5 7 2.6 7 0.4 -1.8 -4  \
  8.875 -5.81707e-16 0.2 0.00625 -11.115 -22.28 -9.5 -9.5 -9.5 -4.38  \
  -22.28 -9.5 -9.5 -9.5 7.72 7.72 8.625 -5.20475e-16 0.2 0.01875  \
  -10.105 -21.56 -8.5 -8.5 -8.5 -3.66 -21.56 -8.5 -8.5 -8.5  \
  8.44 8.44 8.375 -4.59243e-16 0.2 0.03125 -9.095 -20.84 -7.5 -7.5  \
  -7.5 -2.94 -20.84 -7.5 -7.5 -7.5 9.16 9.16 8.125 -3.9801e-16  \
  0.2 0.04375 -8.085 -20.12 -6.5 -6.5 -6.5 -2.22 -20.12 -6.5  \
  -6.5 -6.5 9.88 9.88 7.875 -3.36778e-16 0.2 0.05625 -7.075 -19.4  \
  -5.5 -5.5 -5.5 -1.5 -19.4 -5.5 -5.5 -5.5 10.6 10.6  \
  7.625 -2.75546e-16 0.2 0.06875 -6.065 -18.68 -4.5 -4.5 -4.5 -0.78  \
  -18.68 -4.5 -4.5 -4.5 11.32 11.32 7.375 -2.14313e-16 0.2 0.08125  \
  -5.055 -17.96 -3.5 -3.5 -3.5 -0.0599998 -17.96 -3.5 -3.5 -3.5  \
  12.04 12.04 7.125 -1.53081e-16 0.2 0.09375 -4.045 -17.24 -2.5 -2.5  \
  -2.5 0.66 -17.24 -2.5 -2.5 -2.5 12.76 12.76 6.875 -9.18485e-17  \
  -3.035 -16.52 -1.5 -1.5 -1.5 1.38 -16.52 -1.5 -1.5 -1.5  \
  13.48 13.48 6.625 -3.06162e-17 -2.025 -15.8 -0.5 -0.5 -0.5 2.1  \
  -15.8 -0.5 -0.5 -0.5 14.2 14.2 6.375 3.06162e-17 -1.015 -15.08  \
  0.5 0.5 0.5 2.82 -15.08 0.5 0.5 0.5 14.92 14.92  \
  6.125 9.18485e-17 -0.00500002 -14.36 1.5 1.5 1.5 3.54 -14.36 1.5  \
  1.5 1.5 15.64 15.64 5.875 1.53081e-16 1.005 -13.64 2.5 2.5  \
  2.5 4.26 -13.64 2.5 2.5 2.5 16.36 16.36 5.625 2.14313e-16  \
  2.015 -12.92 3.5 3.5 3.5 4.98 -12.92 3.5 3.5 3.5  \
  17.08 17.08 5.375 2.75546e-16 3.025 -12.2 4.5 4.5 4.5 5.7  \
  -12.2 4.5 4.5 4.5 17.8 17.8 5.125 3.36778e-16 4.035 -11.48  \
  5.5 5.5 5.5 6.42 -11.48 5.5 5.5 5.5 18.52 18.52  \
  4.875 3.9801e-16 5.045 -10.76 6.5 6.5 6.5 7.14 -10.76 6.5  \
  6.5 6.5 19.24 19.24 4.625 4.59243e-16 6.055 -10.04 7.5 7.5  \
  7.5 7.86 -10.04 7.5 7.5 7.5 19.96 19.96 4.375 5.20475e-16  \
  7.065 -9.32 8.5 8.5 8.5 8.58 -9.32 8.5 8.5 8.5  \
  20.68 20.68 4.125 5.81707e-16 8.075 -8.6 9.5 9.5 9.5 9.3  \
  -8.6 9.5 9.5 9.5 21.4 21.4 3.875 6.4294e-16 9.085 -7.88  \
  10.5 10.5 10.5 10.02 -7.88 10.5 10.5 10.5 22.12 22.12  \
  3.625 7.04172e-16 10.095 -7.16 11.5 11.5 11.5 10.74 -7.16 11.5  \
  11.5 11.5 22.84 22.84 3.375 7.65404e-16 11.105 -6.44 12.5 12.5  \
  12.5 11.46 -6.44 12.5 12.5 12.5 23.56 23.56 3.125 8.26637e-16  \
  12.115 -5.72 13.5 13.5 13.5 12.18 -5.72 13.5 13.5 13.5  \
  24.28 24.28 2.875 13.125 -5 12.9 -5 25 25 2.625  \
  14.135 -4.28 13.62 -4.28 25.72 25.72 2.375 15.145 -3.56 14.34  \
  -3.56 26.44 26.44 2.125 16.155 -2.84 15.06 -2.84 27.16 27.16  \
  1.875 17.165 -2.12 15.78 -2.12 27.88 27.88 1.625 18.175 -1.4  \
  16.5 -1.4 28.6 28.6 1.375 19.185 -0.68 17.22 -0.68 29.32  \
  29.32 1.125 20.195 0.0399996 17.94 0.0399996 30.04 30.04 0.875 0.625  \
  0.375 0.125 -0.125 -0.375 -0.625 -0.875 -1.125 -1.375 -1.625 -1.875  \
  -2.125 -2.375 -2.625 -2.875 -3.125 -3.375 -3.625 -3.875 -4.125 -4.375  \
  -4.625 -4.875 -5.125 -5.375 -5.625 -5.875 -6.125 -6.375 -6.625 -6.875 
CellYArray:  Double_t \
  -20 -2 -2 -2 -2 17.5 -7.05 0 2.57176e-16 -24  \
  -24.6125 0 0 0 -2.32683e-16 -16 -24.6125 0 0 0  \
  -24 -24.6125 -16 -24.6125 -24.6125 -24.6125 -20 16.5 -6.11 0  \
  2.57176e-16 -24 -22.4375 0 0 0 -2.32683e-16 -16 -22.4375 0  \
  0 0 -24 -22.4375 -16 -22.4375 -22.4375 -22.4375 -20 15.5  \
  -5.17 0 2.57176e-16 -24 -20.2625 0 0 0 -2.32683e-16 -16  \
  -20.2625 0 0 0 -24 -20.2625 -16 -20.2625 -20.2625 -20.2625  \
  -20 14.5 -4.23 0 2.57176e-16 -24 -18.0875 0 0 0  \
  -2.32683e-16 -16 -18.0875 0 0 0 -24 -18.0875 -16 -18.0875  \
  -18.0875 -18.0875 -20 13.5 -3.29 0 2.57176e-16 -24 -15.9125 0  \
  0 0 -2.32683e-16 -16 -15.9125 0 0 0 -24 -15.9125  \
  -16 -15.9125 -15.9125 -15.9125 -20 12.5 -2.35 0 2.57176e-16 -24  \
  -13.7375 0 0 0 -2.32683e-16 -16 -13.7375 0 0 0  \
  -24 -13.7375 -16 -13.7375 -13.7375 -13.7375 -20 11.5 -1.41 0  \
  2.57176e-16 -24 -11.5625 0 0 0 -2.32683e-16 -16 -11.5625 0  \
  0 0 -24 -11.5625 -16 -11.5625 -11.5625 -11.5625 -20 10.5  \
  -0.47 0 2.57176e-16 -24 -9.3875 0 0 0 -2.32683e-16 -16  \
  -9.3875 0 0 0 -24 -9.3875 -16 -9.3875 -9.3875 -9.3875  \
  -20 9.5 0.47 0 2.57176e-16 -24 0 0 0 -2.32683e-16  \
  -16 0 0 0 -24 -16 -20 8.5 1.41 0  \
  2.57176e-16 -24 0 0 0 -2.32683e-16 -16 0 0 0  \
  -24 -16 -20 7.5 2.35 0 2.57176e-16 -24 0 0  \
  0 -2.32683e-16 -16 0 0 0 -24 -16 -20 6.5  \
  3.29 0 2.57176e-16 -24 0 0 0 -2.32683e-16 -16 0  \
  0 0 -24 -16 -20 5.5 4.23 0 2.57176e-16 -24  \
  0 0 0 -2.32683e-16 -16 0 0 0 -24 -16  \
  -20 4.5 5.17 0 2.57176e-16 -24 0 0 0 -2.32683e-16  \
  -16 0 0 0 -24 -16 -20 3.5 6.11 0  \
  2.57176e-16 -24 0 0 0 -2.32683e-16 -16 0 0 0  \
  -24 -16 -20 2.5 7.05 0 2.57176e-16 -24 0 0  \
  0 -2.32683e-16 -16 0 0 0 -24 -16 -20 1.5  \
  2.57176e-16 -24 0 0 0 -2.32683e-16 -16 0 0 0  \
  -24 -16 -20 0.5 2.57176e-16 -24 0 0 0 -2.32683e-16  \
  -16 0 0 0 -24 -16 -20 -0.5 2.57176e-16 -24  \
  0 0 0 -2.32683e-16 -16 0 0 0 -24 -16  \
  -20 -1.5 2.57176e-16 -24 0 0 0 -2.32683e-16 -16 0  \
  0 0 -24 -16 -20 -2.5 2.57176e-16 -24 0 0  \
  0 -2.32683e-16 -16 0 0 0 -24 -16 -20 -3.5  \
  2.57176e-16 -24 0 0 0 -2.32683e-16 -16 0 0 0  \
  -24 -16 -20 -4.5 2.57176e-16 -24 0 0 0 -2.32683e-16  \
  -16 0 0 0 -24 -16 -20 -5.5 2.57176e-16 -24  \
  0 0 0 -2.32683e-16 -16 0 0 0 -24 -16  \
  -20 -6.5 2.57176e-16 -24 0 0 0 -2.32683e-16 -16 0  \
  0 0 -24 -16 -20 -7.5 2.57176e-16 -24 0 0  \
  0 -2.32683e-16 -16 0 0 0 -24 -16 -20 -8.5  \
  2.57176e-16 -24 0 0 0 -2.32683e-16 -16 0 0 0  \
  -24 -16 -20 -9.5 2.57176e-16 -24 0 0 0 -2.32683e-16  \
  -16 0 0 0 -24 -16 -20 -10.5 2.57176e-16 -24  \
  0 0 0 -2.32683e-16 -16 0 0 0 -24 -16  \
  -20 -11.5 2.57176e-16 -24 0 0 0 -2.32683e-16 -16 0  \
  0 0 -24 -16 -20 -12.5 2.57176e-16 -24 0 0  \
  0 -2.32683e-16 -16 0 0 0 -24 -16 -20 -13.5  \
  2.57176e-16 -24 0 0 0 -2.32683e-16 -16 0 0 0  \
  -24 -16 -20 2.57176e-16 -24 -2.32683e-16 -16 -24 -16 -20  \
  2.57176e-16 -24 -2.32683e-16 -16 -24 -16 -20 2.57176e-16 -24 -2.32683e-16  \
  -16 -24 -16 -20 2.57176e-16 -24 -2.32683e-16 -16 -24 -16  \
  -20 2.57176e-16 -24 -2.32683e-16 -16 -24 -16 -20 2.57176e-16 -24  \
  -2.32683e-16 -16 -24 -16 -20 2.57176e-16 -24 -2.32683e-16 -16 -24  \
  -16 -20 2.57176e-16 -24 -2.32683e-16 -16 -24 -16 -20 -20  \
  -20 -20 -20 -20 -20 -20 -20 -20 -20 -20  \
  -20 -20 -20 -20 -20 -20 -20 -20 -20 -20  \
  -20 -20 -20 -20 -20 -20 -20 -20 -20 -20 
CellZArray:  Double_t \
  -441.3 1079.9 1104.9 899.9 919.9 1190.4 1099.9 -0.2 1121.1 -428.1  \
  -376.1 1148.9 1161.9 1174.9 1117.1 -418.1 -376.1 1152.9 1165.9 1178.9  \
  -423.1 -384.1 -413.1 -384.1 -376.1 -376.1 -441.3 1190.4 1099.9 -0.2  \
  1121.1 -428.1 -376.1 1148.9 1161.9 1174.9 1117.1 -418.1 -376.1 1152.9  \
  1165.9 1178.9 -423.1 -384.1 -413.1 -384.1 -376.1 -376.1 -441.3 1190.4  \
  1099.9 -0.2 1121.1 -428.1 -376.1 1148.9 1161.9 1174.9 1117.1 -418.1  \
  -376.1 1152.9 1165.9 1178.9 -423.1 -384.1 -413.1 -384.1 -376.1 -376.1  \
  -441.3 1190.4 1099.9 -0.2 1121.1 -428.1 -376.1 1148.9 1161.9 1174.9  \
  1117.1 -418.1 -376.1 1152.9 1165.9 1178.9 -423.1 -384.1 -413.1 -384.1  \
  -376.1 -376.1 -441.3 1190.4 1099.9 -0.2 1121.1 -428.1 -376.1 1148.9  \
  1161.9 1174.9 1117.1 -418.1 -376.1 1152.9 1165.9 1178.9 -423.1 -384.1  \
  -413.1 -384.1 -376.1 -376.1 -441.3 1190.4 1099.9 -0.2 1121.1 -428.1  \
  -376.1 1148.9 1161.9 1174.9 1117.1 -418.1 -376.1 1152.9 1165.9 1178.9  \
  -423.1 -384.1 -413.1 -384.1 -376.1 -376.1 -441.3 1190.4 1099.9 -0.2  \
  1121.1 -428.1 -376.1 1148.9 1161.9 1174.9 1117.1 -418.1 -376.1 1152.9  \
  1165.9 1178.9 -423.1 -384.1 -413.1 -384.1 -376.1 -376.1 -441.3 1190.4  \
  1099.9 -0.2 1121.1 -428.1 -376.1 1148.9 1161.9 1174.9 1117.1 -418.1  \
  -376.1 1152.9 1165.9 1178.9 -423.1 -384.1 -413.1 -384.1 -376.1 -376.1  \
  -441.3 1190.4 1099.9 -0.2 1121.1 -428.1 1148.9 1161.9 1174.9 1117.1  \
  -418.1 1152.9 1165.9 1178.9 -423.1 -413.1 -441.3 1190.4 1099.9 -0.2  \
  1121.1 -428.1 1148.9 1161.9 1174.9 1117.1 -418.1 1152.9 1165.9 1178.9  \
  -423.1 -413.1 -441.3 1190.4 1099.9 -0.2 1121.1 -428.1 1148.9 1161.9  \
  1174.9 1117.1 -418.1 1152.9 1165.9 1178.9 -423.1 -413.1 -441.3 1190.4  \
  1099.9 -0.2 1121.1 -428.1 1148.9 1161.9 1174.9 1117.1 -418.1 1152.9  \
  1165.9 1178.9 -423.1 -413.1 -441.3 1190.4 1099.9 -0.2 1121.1 -428.1  \
  1148.9 1161.9 1174.9 1117.1 -418.1 1152.9 1165.9 1178.9 -423.1 -413.1  \
  -441.3 1190.4 1099.9 -0.2 1121.1 -428.1 1148.9 1161.9 1174.9 1117.1  \
  -418.1 1152.9 1165.9 1178.9 -423.1 -413.1 -441.3 1190.4 1099.9 -0.2  \
  1121.1 -428.1 1148.9 1161.9 1174.9 1117.1 -418.1 1152.9 1165.9 1178.9  \
  -423.1 -413.1 -441.3 1190.4 1099.9 -0.2 1121.1 -428.1 1148.9 1161.9  \
  1174.9 1117.1 -418.1 1152.9 1165.9 1178.9 -423.1 -413.1 -441.3 1190.4  \
  1121.1 -428.1 1148.9 1161.9 1174.9 1117.1 -418.1 1152.9 1165.9 1178.9  \
  -423.1 -413.1 -441.3 1190.4 1121.1 -428.1 1148.9 1161.9 1174.9 1117.1  \
  -418.1 1152.9 1165.9 1178.9 -423.1 -413.1 -441.3 1190.4 1121.1 -428.1  \
  1148.9 1161.9 1174.9 1117.1 -418.1 1152.9 1165.9 1178.9 -423.1 -413.1  \
  -441.3 1190.4 1121.1 -428.1 1148.9 1161.9 1174.9 1117.1 -418.1 1152.9  \
  1165.9 1178.9 -423.1 -413.1 -441.3 1190.4 1121.1 -428.1 1148.9 1161.9  \
  1174.9 1117.1 -418.1 1152.9 1165.9 1178.9 -423.1 -413.1 -441.3 1190.4  \
  1121.1 -428.1 1148.9 1161.9 1174.9 1117.1 -418.1 1152.9 1165.9 1178.9  \
  -423.1 -413.1 -441.3 1190.4 1121.1 -428.1 1148.9 1161.9 1174.9 1117.1  \
  -418.1 1152.9 1165.9 1178.9 -423.1 -413.1 -441.3 1190.4 1121.1 -428.1  \
  1148.9 1161.9 1174.9 1117.1 -418.1 1152.9 1165.9 1178.9 -423.1 -413.1  \
  -441.3 1190.4 1121.1 -428.1 1148.9 1161.9 1174.9 1117.1 -418.1 1152.9  \
  1165.9 1178.9 -423.1 -413.1 -441.3 1190.4 1121.1 -428.1 1148.9 1161.9  \
  1174.9 1117.1 -418.1 1152.9 1165.9 1178.9 -423.1 -413.1 -441.3 1190.4  \
  1121.1 -428.1 1148.9 1161.9 1174.9 1117.1 -418.1 1152.9 1165.9 1178.9  \
  -423.1 -413.1 -441.3 1190.4 1121.1 -428.1 1148.9 1161.9 1174.9 1117.1  \
  -418.1 1152.9 1165.9 1178.9 -423.1 -413.1 -441.3 1190.4 1121.1 -428.1  \
  1148.9 1161.9 1174.9 1117.1 -418.1 1152.9 1165.9 1178.9 -423.1 -413.1  \
  -441.3 1190.4 1121.1 -428.1 1148.9 1161.9 1174.9 1117.1 -418.1 1152.9  \
  1165.9 1178.9 -423.1 -413.1 -441.3 1190.4 1121.1 -428.1 1148.9 1161.9  \
  1174.9 1117.1 -418.1 1152.9 1165.9 1178.9 -423.1 -413.1 -441.3 1190.4  \
  1121.1 -428.1 1148.9 1161.9 1174.9 1117.1 -418.1 1152.9 1165.9 1178.9  \
  -423.1 -413.1 -441.3 1121.1 -428.1 1117.1 -418.1 -423.1 -413.1 -441.3  \
  1121.1 -428.1 1117.1 -418.1 -423.1 -413.1 -441.3 1121.1 -428.1 1117.1  \
  -418.1 -423.1 -413.1 -441.3 1121.1 -428.1 1117.1 -418.1 -423.1 -413.1  \
  -441.3 1121.1 -428.1 1117.1 -418.1 -423.1 -413.1 -441.3 1121.1 -428.1  \
  1117.1 -418.1 -423.1 -413.1 -441.3 1121.1 -428.1 1117.1 -418.1 -423.1  \
  -413.1 -441.3 1121.1 -428.1 1117.1 -418.1 -423.1 -413.1 -441.3 -441.3  \
  -441.3 -441.3 -441.3 -441.3 -441.3 -441.3 -441.3 -441.3 -441.3 -441.3  \
  -441.3 -441.3 -441.3 -441.3 -441.3 -441.3 -441.3 -441.3 -441.3 -441.3  \
  -441.3 -441.3 -441.3 -441.3 -441.3 -441.3 -441.3 -441.3 -441.3 -441.3 
CellDxArray:  Double_t \
  0.25 2 2 2 2 1 0.94 0.0125 1.01 0.72  \
  2.175 1 1 1 0.72 0.72 2.175 1 1 1  \
  0.72 2.175 0.72 2.175 2.175 2.175 0.25 1 0.94 0.0125  \
  1.01 0.72 2.175 1 1 1 0.72 0.72 2.175 1  \
  1 1 0.72 2.175 0.72 2.175 2.175 2.175 0.25 1  \
  0.94 0.0125 1.01 0.72 2.175 1 1 1 0.72 0.72  \
  2.175 1 1 1 0.72 2.175 0.72 2.175 2.175 2.175  \
  0.25 1 0.94 0.0125 1.01 0.72 2.175 1 1 1  \
  0.72 0.72 2.175 1 1 1 0.72 2.175 0.72 2.175  \
  2.175 2.175 0.25 1 0.94 0.0125 1.01 0.72 2.175 1  \
  1 1 0.72 0.72 2.175 1 1 1 0.72 2.175  \
  0.72 2.175 2.175 2.175 0.25 1 0.94 0.0125 1.01 0.72  \
  2.175 1 1 1 0.72 0.72 2.175 1 1 1  \
  0.72 2.175 0.72 2.175 2.175 2.175 0.25 1 0.94 0.0125  \
  1.01 0.72 2.175 1 1 1 0.72 0.72 2.175 1  \
  1 1 0.72 2.175 0.72 2.175 2.175 2.175 0.25 1  \
  0.94 0.0125 1.01 0.72 2.175 1 1 1 0.72 0.72  \
  2.175 1 1 1 0.72 2.175 0.72 2.175 2.175 2.175  \
  0.25 1 0.94 0.0125 1.01 0.72 1 1 1 0.72  \
  0.72 1 1 1 0.72 0.72 0.25 1 0.94 0.0125  \
  1.01 0.72 1 1 1 0.72 0.72 1 1 1  \
  0.72 0.72 0.25 1 0.94 0.0125 1.01 0.72 1 1  \
  1 0.72 0.72 1 1 1 0.72 0.72 0.25 1  \
  0.94 0.0125 1.01 0.72 1 1 1 0.72 0.72 1  \
  1 1 0.72 0.72 0.25 1 0.94 0.0125 1.01 0.72  \
  1 1 1 0.72 0.72 1 1 1 0.72 0.72  \
  0.25 1 0.94 0.0125 1.01 0.72 1 1 1 0.72  \
  0.72 1 1 1 0.72 0.72 0.25 1 0.94 0.0125  \
  1.01 0.72 1 1 1 0.72 0.72 1 1 1  \
  0.72 0.72 0.25 1 0.94 0.0125 1.01 0.72 1 1  \
  1 0.72 0.72 1 1 1 0.72 0.72 0.25 1  \
  1.01 0.72 1 1 1 0.72 0.72 1 1 1  \
  0.72 0.72 0.25 1 1.01 0.72 1 1 1 0.72  \
  0.72 1 1 1 0.72 0.72 0.25 1 1.01 0.72  \
  1 1 1 0.72 0.72 1 1 1 0.72 0.72  \
  0.25 1 1.01 0.72 1 1 1 0.72 0.72 1  \
  1 1 0.72 0.72 0.25 1 1.01 0.72 1 1  \
  1 0.72 0.72 1 1 1 0.72 0.72 0.25 1  \
  1.01 0.72 1 1 1 0.72 0.72 1 1 1  \
  0.72 0.72 0.25 1 1.01 0.72 1 1 1 0.72  \
  0.72 1 1 1 0.72 0.72 0.25 1 1.01 0.72  \
  1 1 1 0.72 0.72 1 1 1 0.72 0.72  \
  0.25 1 1.01 0.72 1 1 1 0.72 0.72 1  \
  1 1 0.72 0.72 0.25 1 1.01 0.72 1 1  \
  1 0.72 0.72 1 1 1 0.72 0.72 0.25 1  \
  1.01 0.72 1 1 1 0.72 0.72 1 1 1  \
  0.72 0.72 0.25 1 1.01 0.72 1 1 1 0.72  \
  0.72 1 1 1 0.72 0.72 0.25 1 1.01 0.72  \
  1 1 1 0.72 0.72 1 1 1 0.72 0.72  \
  0.25 1 1.01 0.72 1 1 1 0.72 0.72 1  \
  1 1 0.72 0.72 0.25 1 1.01 0.72 1 1  \
  1 0.72 0.72 1 1 1 0.72 0.72 0.25 1  \
  1.01 0.72 1 1 1 0.72 0.72 1 1 1  \
  0.72 0.72 0.25 1.01 0.72 0.72 0.72 0.72 0.72 0.25  \
  1.01 0.72 0.72 0.72 0.72 0.72 0.25 1.01 0.72 0.72  \
  0.72 0.72 0.72 0.25 1.01 0.72 0.72 0.72 0.72 0.72  \
  0.25 1.01 0.72 0.72 0.72 0.72 0.72 0.25 1.01 0.72  \
  0.72 0.72 0.72 0.72 0.25 1.01 0.72 0.72 0.72 0.72  \
  0.72 0.25 1.01 0.72 0.72 0.72 0.72 0.72 0.25 0.25  \
  0.25 0.25 0.25 0.25 0.25 0.25 0.25 0.25 0.25 0.25  \
  0.25 0.25 0.25 0.25 0.25 0.25 0.25 0.25 0.25 0.25  \
  0.25 0.25 0.25 0.25 0.25 0.25 0.25 0.25 0.25 0.25 
CellDyArray:  Double_t \
  4.6 2 2 2 2 26.9 4 0.2 9.6 9.6  \
  2 26.9 26.9 26.9 9.6 9.6 2 26.9 26.9 26.9  \
  9.6 2 9.6 2 2 2 4.6 26.9 4 0.2  \
  9.6 9.6 2 26.9 26.9 26.9 9.6 9.6 2 26.9  \
  26.9 26.9 9.6 2 9.6 2 2 2 4.6 26.9  \
  4 0.2 9.6 9.6 2 26.9 26.9 26.9 9.6 9.6  \
  2 26.9 26.9 26.9 9.6 2 9.6 2 2 2  \
  4.6 26.9 4 0.2 9.6 9.6 2 26.9 26.9 26.9  \
  9.6 9.6 2 26.9 26.9 26.9 9.6 2 9.6 2  \
  2 2 4.6 26.9 4 0.2 9.6 9.6 2 26.9  \
  26.9 26.9 9.6 9.6 2 26.9 26.9 26.9 9.6 2  \
  9.6 2 2 2 4.6 26.9 4 0.2 9.6 9.6  \
  2 26.9 26.9 26.9 9.6 9.6 2 26.9 26.9 26.9  \
  9.6 2 9.6 2 2 2 4.6 26.9 4 0.2  \
  9.6 9.6 2 26.9 26.9 26.9 9.6 9.6 2 26.9  \
  26.9 26.9 9.6 2 9.6 2 2 2 4.6 26.9  \
  4 0.2 9.6 9.6 2 26.9 26.9 26.9 9.6 9.6  \
  2 26.9 26.9 26.9 9.6 2 9.6 2 2 2  \
  4.6 26.9 4 0.2 9.6 9.6 26.9 26.9 26.9 9.6  \
  9.6 26.9 26.9 26.9 9.6 9.6 4.6 26.9 4 0.2  \
  9.6 9.6 26.9 26.9 26.9 9.6 9.6 26.9 26.9 26.9  \
  9.6 9.6 4.6 26.9 4 0.2 9.6 9.6 26.9 26.9  \
  26.9 9.6 9.6 26.9 26.9 26.9 9.6 9.6 4.6 26.9  \
  4 0.2 9.6 9.6 26.9 26.9 26.9 9.6 9.6 26.9  \
  26.9 26.9 9.6 9.6 4.6 26.9 4 0.2 9.6 9.6  \
  26.9 26.9 26.9 9.6 9.6 26.9 26.9 26.9 9.6 9.6  \
  4.6 26.9 4 0.2 9.6 9.6 26.9 26.9 26.9 9.6  \
  9.6 26.9 26.9 26.9 9.6 9.6 4.6 26.9 4 0.2  \
  9.6 9.6 26.9 26.9 26.9 9.6 9.6 26.9 26.9 26.9  \
  9.6 9.6 4.6 26.9 4 0.2 9.6 9.6 26.9 26.9  \
  26.9 9.6 9.6 26.9 26.9 26.9 9.6 9.6 4.6 26.9  \
  9.6 9.6 26.9 26.9 26.9 9.6 9.6 26.9 26.9 26.9  \
  9.6 9.6 4.6 26.9 9.6 9.6 26.9 26.9 26.9 9.6  \
  9.6 26.9 26.9 26.9 9.6 9.6 4.6 26.9 9.6 9.6  \
  26.9 26.9 26.9 9.6 9.6 26.9 26.9 26.9 9.6 9.6  \
  4.6 26.9 9.6 9.6 26.9 26.9 26.9 9.6 9.6 26.9  \
  26.9 26.9 9.6 9.6 4.6 26.9 9.6 9.6 26.9 26.9  \
  26.9 9.6 9.6 26.9 26.9 26.9 9.6 9.6 4.6 26.9  \
  9.6 9.6 26.9 26.9 26.9 9.6 9.6 26.9 26.9 26.9  \
  9.6 9.6 4.6 26.9 9.6 9.6 26.9 26.9 26.9 9.6  \
  9.6 26.9 26.9 26.9 9.6 9.6 4.6 26.9 9.6 9.6  \
  26.9 26.9 26.9 9.6 9.6 26.9 26.9 26.9 9.6 9.6  \
  4.6 26.9 9.6 9.6 26.9 26.9 26.9 9.6 9.6 26.9  \
  26.9 26.9 9.6 9.6 4.6 26.9 9.6 9.6 26.9 26.9  \
  26.9 9.6 9.6 26.9 26.9 26.9 9.6 9.6 4.6 26.9  \
  9.6 9.6 26.9 26.9 26.9 9.6 9.6 26.9 26.9 26.9  \
  9.6 9.6 4.6 26.9 9.6 9.6 26.9 26.9 26.9 9.6  \
  9.6 26.9 26.9 26.9 9.6 9.6 4.6 26.9 9.6 9.6  \
  26.9 26.9 26.9 9.6 9.6 26.9 26.9 26.9 9.6 9.6  \
  4.6 26.9 9.6 9.6 26.9 26.9 26.9 9.6 9.6 26.9  \
  26.9 26.9 9.6 9.6 4.6 26.9 9.6 9.6 26.9 26.9  \
  26.9 9.6 9.6 26.9 26.9 26.9 9.6 9.6 4.6 26.9  \
  9.6 9.6 26.9 26.9 26.9 9.6 9.6 26.9 26.9 26.9  \
  9.6 9.6 4.6 9.6 9.6 9.6 9.6 9.6 9.6 4.6  \
  9.6 9.6 9.6 9.6 9.6 9.6 4.6 9.6 9.6 9.6  \
  9.6 9.6 9.6 4.6 9.6 9.6 9.6 9.6 9.6 9.6  \
  4.6 9.6 9.6 9.6 9.6 9.6 9.6 4.6 9.6 9.6  \
  9.6 9.6 9.6 9.6 4.6 9.6 9.6 9.6 9.6 9.6  \
  9.6 4.6 9.6 9.6 9.6 9.6 9.6 9.6 4.6 4.6  \
  4.6 4.6 4.6 4.6 4.6 4.6 4.6 4.6 4.6 4.6  \
  4.6 4.6 4.6 4.6 4.6 4.6 4.6 4.6 4.6 4.6  \
  4.6 4.6 4.6 4.6 4.6 4.6 4.6 4.6 4.6 4.6 
