##############################################################################
# Class:   CbmTrdDigiPar
# Context: TestDefaultContext
##############################################################################
[CbmTrdDigiPar]
//----------------------------------------------------------------------------
NrOfModules:  Int_t  356 
MaxSectors:  Int_t  3 
ModuleIdArray:  Int_t \
  5 21 37 53 69 85 261 277 293 309  \
  325 341 517 533 549 565 581 597 773 789  \
  805 821 837 853 1029 1045 1061 1077 1093 1109  \
  1285 1301 1317 1333 1349 1365 1541 1557 1573 1589  \
  1605 1621 1797 1813 1829 1845 1861 1877 2053 2069  \
  2085 2101 2117 2133 2309 2325 2341 2357 2373 2389  \
  2565 2581 2597 2613 2629 2645 2821 2837 2853 2869  \
  2885 2901 3077 3093 3109 3125 3141 3157 3333 3349  \
  3365 3381 3397 3413 3589 3605 3621 3637 3653 3669  \
  3845 3861 3877 3893 3909 3925 4101 4117 4133 4149  \
  4165 4181 4357 4373 4389 4405 4421 4437 4613 4629  \
  4645 4661 4677 4693 4869 4885 4901 4917 4933 4949  \
  5125 5141 5157 5173 5189 5205 5381 5397 5413 5429  \
  5445 5461 5637 5653 5669 5685 5701 5717 5893 5909  \
  5925 5941 5957 5973 6149 6165 6181 6197 6213 6229  \
  6405 6421 6437 6453 6469 6485 6661 6677 6693 6709  \
  6725 6741 6917 6933 6949 6965 6981 6997 7173 7189  \
  7205 7221 7237 7253 7429 7445 7461 7477 7493 7509  \
  7685 7701 7717 7733 7749 7765 7941 7957 7973 7989  \
  8005 8021 8197 8213 8229 8245 8261 8277 8453 8469  \
  8485 8501 8517 8533 8709 8725 8741 8757 8773 8789  \
  8965 8981 8997 9013 9029 9045 9221 9237 9253 9269  \
  9285 9301 9477 9493 9509 9525 9541 9557 9733 9749  \
  9765 9781 9797 9813 9989 10005 10021 10037 10053 10069  \
  10245 10261 10277 10293 10309 10325 10501 10517 10533 10549  \
  10565 10581 10757 10773 10789 10805 10821 10837 11013 11029  \
  11045 11061 11077 11093 11269 11285 11301 11317 11333 11349  \
  11525 11541 11557 11573 11589 11605 11781 11797 11813 11829  \
  11845 11861 12037 12053 12069 12085 12101 12117 12293 12309  \
  12325 12341 12357 12373 12549 12565 12581 12597 12613 12629  \
  12869 12885 13125 13141 13381 13397 13637 13653 13893 13909  \
  14149 14165 14405 14421 14661 14677 14917 14933 15173 15189  \
  15429 15445 15685 15701 15941 15957 16197 16213 16453 16469  \
  16709 16725 16965 16981 17221 17237 17477 17493 17733 17749  \
  17989 18005 18245 18261 18501 18517 18757 18773 19013 19029  \
  19269 19285 19525 19541 19781 19797 
5:  Double_t \
  0 -57 -57 441.6 27 27 0.6 54 18 0.675  \
  1.5 54 18 0.675 1.5 54 18 0.675 1.5 
21:  Double_t \
  3 -57 -57 486.6 27 27 0.6 54 18 0.675  \
  1.5 54 18 0.675 1.5 54 18 0.675 1.5 
37:  Double_t \
  0 -57 -57 531.6 27 27 0.6 54 18 0.675  \
  1.5 54 18 0.675 1.5 54 18 0.675 1.5 
53:  Double_t \
  3 -57 -57 576.6 27 27 0.6 54 18 0.675  \
  1.5 54 18 0.675 1.5 54 18 0.675 1.5 
69:  Double_t \
  0 -57 -57 626.6 27 27 0.6 54 18 0.675  \
  1.5 54 18 0.675 1.5 54 18 0.675 1.5 
85:  Double_t \
  3 -57 -57 671.6 27 27 0.6 54 18 0.675  \
  1.5 54 18 0.675 1.5 54 18 0.675 1.5 
261:  Double_t \
  0 0 -57 441.6 27 27 0.6 54 18 0.675  \
  1.5 54 18 0.675 1.5 54 18 0.675 1.5 
277:  Double_t \
  1 0 -57 486.6 27 27 0.6 54 18 0.675  \
  1.5 54 18 0.675 1.5 54 18 0.675 1.5 
293:  Double_t \
  0 0 -57 531.6 27 27 0.6 54 18 0.675  \
  1.5 54 18 0.675 1.5 54 18 0.675 1.5 
309:  Double_t \
  1 0 -57 576.6 27 27 0.6 54 18 0.675  \
  1.5 54 18 0.675 1.5 54 18 0.675 1.5 
325:  Double_t \
  0 0 -57 626.6 27 27 0.6 54 18 0.675  \
  1.5 54 18 0.675 1.5 54 18 0.675 1.5 
341:  Double_t \
  1 0 -57 671.6 27 27 0.6 54 18 0.675  \
  1.5 54 18 0.675 1.5 54 18 0.675 1.5 
517:  Double_t \
  0 57 -57 441.6 27 27 0.6 54 18 0.675  \
  1.5 54 18 0.675 1.5 54 18 0.675 1.5 
533:  Double_t \
  1 57 -57 486.6 27 27 0.6 54 18 0.675  \
  1.5 54 18 0.675 1.5 54 18 0.675 1.5 
549:  Double_t \
  0 57 -57 531.6 27 27 0.6 54 18 0.675  \
  1.5 54 18 0.675 1.5 54 18 0.675 1.5 
565:  Double_t \
  1 57 -57 576.6 27 27 0.6 54 18 0.675  \
  1.5 54 18 0.675 1.5 54 18 0.675 1.5 
581:  Double_t \
  0 57 -57 626.6 27 27 0.6 54 18 0.675  \
  1.5 54 18 0.675 1.5 54 18 0.675 1.5 
597:  Double_t \
  1 57 -57 671.6 27 27 0.6 54 18 0.675  \
  1.5 54 18 0.675 1.5 54 18 0.675 1.5 
773:  Double_t \
  0 -57 0 441.6 27 27 0.6 54 18 0.675  \
  1.5 54 18 0.675 1.5 54 18 0.675 1.5 
789:  Double_t \
  3 -57 0 486.6 27 27 0.6 54 18 0.675  \
  1.5 54 18 0.675 1.5 54 18 0.675 1.5 
805:  Double_t \
  0 -57 0 531.6 27 27 0.6 54 18 0.675  \
  1.5 54 18 0.675 1.5 54 18 0.675 1.5 
821:  Double_t \
  3 -57 0 576.6 27 27 0.6 54 18 0.675  \
  1.5 54 18 0.675 1.5 54 18 0.675 1.5 
837:  Double_t \
  0 -57 0 626.6 27 27 0.6 54 18 0.675  \
  1.5 54 18 0.675 1.5 54 18 0.675 1.5 
853:  Double_t \
  3 -57 0 671.6 27 27 0.6 54 18 0.675  \
  1.5 54 18 0.675 1.5 54 18 0.675 1.5 
1029:  Double_t \
  0 57 0 441.6 27 27 0.6 54 18 0.675  \
  1.5 54 18 0.675 1.5 54 18 0.675 1.5 
1045:  Double_t \
  1 57 0 486.6 27 27 0.6 54 18 0.675  \
  1.5 54 18 0.675 1.5 54 18 0.675 1.5 
1061:  Double_t \
  0 57 0 531.6 27 27 0.6 54 18 0.675  \
  1.5 54 18 0.675 1.5 54 18 0.675 1.5 
1077:  Double_t \
  1 57 0 576.6 27 27 0.6 54 18 0.675  \
  1.5 54 18 0.675 1.5 54 18 0.675 1.5 
1093:  Double_t \
  0 57 0 626.6 27 27 0.6 54 18 0.675  \
  1.5 54 18 0.675 1.5 54 18 0.675 1.5 
1109:  Double_t \
  1 57 0 671.6 27 27 0.6 54 18 0.675  \
  1.5 54 18 0.675 1.5 54 18 0.675 1.5 
1285:  Double_t \
  2 -57 57 441.6 27 27 0.6 54 18 0.675  \
  1.5 54 18 0.675 1.5 54 18 0.675 1.5 
1301:  Double_t \
  3 -57 57 486.6 27 27 0.6 54 18 0.675  \
  1.5 54 18 0.675 1.5 54 18 0.675 1.5 
1317:  Double_t \
  2 -57 57 531.6 27 27 0.6 54 18 0.675  \
  1.5 54 18 0.675 1.5 54 18 0.675 1.5 
1333:  Double_t \
  3 -57 57 576.6 27 27 0.6 54 18 0.675  \
  1.5 54 18 0.675 1.5 54 18 0.675 1.5 
1349:  Double_t \
  2 -57 57 626.6 27 27 0.6 54 18 0.675  \
  1.5 54 18 0.675 1.5 54 18 0.675 1.5 
1365:  Double_t \
  3 -57 57 671.6 27 27 0.6 54 18 0.675  \
  1.5 54 18 0.675 1.5 54 18 0.675 1.5 
1541:  Double_t \
  2 0 57 441.6 27 27 0.6 54 18 0.675  \
  1.5 54 18 0.675 1.5 54 18 0.675 1.5 
1557:  Double_t \
  1 0 57 486.6 27 27 0.6 54 18 0.675  \
  1.5 54 18 0.675 1.5 54 18 0.675 1.5 
1573:  Double_t \
  2 0 57 531.6 27 27 0.6 54 18 0.675  \
  1.5 54 18 0.675 1.5 54 18 0.675 1.5 
1589:  Double_t \
  1 0 57 576.6 27 27 0.6 54 18 0.675  \
  1.5 54 18 0.675 1.5 54 18 0.675 1.5 
1605:  Double_t \
  2 0 57 626.6 27 27 0.6 54 18 0.675  \
  1.5 54 18 0.675 1.5 54 18 0.675 1.5 
1621:  Double_t \
  1 0 57 671.6 27 27 0.6 54 18 0.675  \
  1.5 54 18 0.675 1.5 54 18 0.675 1.5 
1797:  Double_t \
  2 57 57 441.6 27 27 0.6 54 18 0.675  \
  1.5 54 18 0.675 1.5 54 18 0.675 1.5 
1813:  Double_t \
  1 57 57 486.6 27 27 0.6 54 18 0.675  \
  1.5 54 18 0.675 1.5 54 18 0.675 1.5 
1829:  Double_t \
  2 57 57 531.6 27 27 0.6 54 18 0.675  \
  1.5 54 18 0.675 1.5 54 18 0.675 1.5 
1845:  Double_t \
  1 57 57 576.6 27 27 0.6 54 18 0.675  \
  1.5 54 18 0.675 1.5 54 18 0.675 1.5 
1861:  Double_t \
  2 57 57 626.6 27 27 0.6 54 18 0.675  \
  1.5 54 18 0.675 1.5 54 18 0.675 1.5 
1877:  Double_t \
  1 57 57 671.6 27 27 0.6 54 18 0.675  \
  1.5 54 18 0.675 1.5 54 18 0.675 1.5 
2053:  Double_t \
  0 -114 -57 441.6 27 27 0.6 54 22 0.675  \
  2.75 54 10 0.675 2.5 54 22 0.675 2.75 
2069:  Double_t \
  3 -114 -57 486.6 27 27 0.6 54 22 0.675  \
  2.75 54 10 0.675 2.5 54 22 0.675 2.75 
2085:  Double_t \
  0 -114 -57 531.6 27 27 0.6 54 22 0.675  \
  2.75 54 10 0.675 2.5 54 22 0.675 2.75 
2101:  Double_t \
  3 -114 -57 576.6 27 27 0.6 54 22 0.675  \
  2.75 54 10 0.675 2.5 54 22 0.675 2.75 
2117:  Double_t \
  0 -114 -57 626.6 27 27 0.6 54 22 0.675  \
  2.75 54 10 0.675 2.5 54 22 0.675 2.75 
2133:  Double_t \
  3 -114 -57 671.6 27 27 0.6 54 22 0.675  \
  2.75 54 10 0.675 2.5 54 22 0.675 2.75 
2309:  Double_t \
  0 114 -57 441.6 27 27 0.6 54 22 0.675  \
  2.75 54 10 0.675 2.5 54 22 0.675 2.75 
2325:  Double_t \
  1 114 -57 486.6 27 27 0.6 54 22 0.675  \
  2.75 54 10 0.675 2.5 54 22 0.675 2.75 
2341:  Double_t \
  0 114 -57 531.6 27 27 0.6 54 22 0.675  \
  2.75 54 10 0.675 2.5 54 22 0.675 2.75 
2357:  Double_t \
  1 114 -57 576.6 27 27 0.6 54 22 0.675  \
  2.75 54 10 0.675 2.5 54 22 0.675 2.75 
2373:  Double_t \
  0 114 -57 626.6 27 27 0.6 54 22 0.675  \
  2.75 54 10 0.675 2.5 54 22 0.675 2.75 
2389:  Double_t \
  1 114 -57 671.6 27 27 0.6 54 22 0.675  \
  2.75 54 10 0.675 2.5 54 22 0.675 2.75 
2565:  Double_t \
  0 -114 0 441.6 27 27 0.6 54 22 0.675  \
  2.75 54 10 0.675 2.5 54 22 0.675 2.75 
2581:  Double_t \
  3 -114 0 486.6 27 27 0.6 54 22 0.675  \
  2.75 54 10 0.675 2.5 54 22 0.675 2.75 
2597:  Double_t \
  0 -114 0 531.6 27 27 0.6 54 22 0.675  \
  2.75 54 10 0.675 2.5 54 22 0.675 2.75 
2613:  Double_t \
  3 -114 0 576.6 27 27 0.6 54 22 0.675  \
  2.75 54 10 0.675 2.5 54 22 0.675 2.75 
2629:  Double_t \
  0 -114 0 626.6 27 27 0.6 54 22 0.675  \
  2.75 54 10 0.675 2.5 54 22 0.675 2.75 
2645:  Double_t \
  3 -114 0 671.6 27 27 0.6 54 22 0.675  \
  2.75 54 10 0.675 2.5 54 22 0.675 2.75 
2821:  Double_t \
  0 114 0 441.6 27 27 0.6 54 22 0.675  \
  2.75 54 10 0.675 2.5 54 22 0.675 2.75 
2837:  Double_t \
  1 114 0 486.6 27 27 0.6 54 22 0.675  \
  2.75 54 10 0.675 2.5 54 22 0.675 2.75 
2853:  Double_t \
  0 114 0 531.6 27 27 0.6 54 22 0.675  \
  2.75 54 10 0.675 2.5 54 22 0.675 2.75 
2869:  Double_t \
  1 114 0 576.6 27 27 0.6 54 22 0.675  \
  2.75 54 10 0.675 2.5 54 22 0.675 2.75 
2885:  Double_t \
  0 114 0 626.6 27 27 0.6 54 22 0.675  \
  2.75 54 10 0.675 2.5 54 22 0.675 2.75 
2901:  Double_t \
  1 114 0 671.6 27 27 0.6 54 22 0.675  \
  2.75 54 10 0.675 2.5 54 22 0.675 2.75 
3077:  Double_t \
  2 -114 57 441.6 27 27 0.6 54 22 0.675  \
  2.75 54 10 0.675 2.5 54 22 0.675 2.75 
3093:  Double_t \
  3 -114 57 486.6 27 27 0.6 54 22 0.675  \
  2.75 54 10 0.675 2.5 54 22 0.675 2.75 
3109:  Double_t \
  2 -114 57 531.6 27 27 0.6 54 22 0.675  \
  2.75 54 10 0.675 2.5 54 22 0.675 2.75 
3125:  Double_t \
  3 -114 57 576.6 27 27 0.6 54 22 0.675  \
  2.75 54 10 0.675 2.5 54 22 0.675 2.75 
3141:  Double_t \
  2 -114 57 626.6 27 27 0.6 54 22 0.675  \
  2.75 54 10 0.675 2.5 54 22 0.675 2.75 
3157:  Double_t \
  3 -114 57 671.6 27 27 0.6 54 22 0.675  \
  2.75 54 10 0.675 2.5 54 22 0.675 2.75 
3333:  Double_t \
  2 114 57 441.6 27 27 0.6 54 22 0.675  \
  2.75 54 10 0.675 2.5 54 22 0.675 2.75 
3349:  Double_t \
  1 114 57 486.6 27 27 0.6 54 22 0.675  \
  2.75 54 10 0.675 2.5 54 22 0.675 2.75 
3365:  Double_t \
  2 114 57 531.6 27 27 0.6 54 22 0.675  \
  2.75 54 10 0.675 2.5 54 22 0.675 2.75 
3381:  Double_t \
  1 114 57 576.6 27 27 0.6 54 22 0.675  \
  2.75 54 10 0.675 2.5 54 22 0.675 2.75 
3397:  Double_t \
  2 114 57 626.6 27 27 0.6 54 22 0.675  \
  2.75 54 10 0.675 2.5 54 22 0.675 2.75 
3413:  Double_t \
  1 114 57 671.6 27 27 0.6 54 22 0.675  \
  2.75 54 10 0.675 2.5 54 22 0.675 2.75 
3589:  Double_t \
  0 -114 -114 441.6 27 27 0.6 54 4.5 0.675  \
  4.5 54 45 0.675 4.5 54 4.5 0.675 4.5 
3605:  Double_t \
  3 -114 -114 486.6 27 27 0.6 54 4.5 0.675  \
  4.5 54 45 0.675 4.5 54 4.5 0.675 4.5 
3621:  Double_t \
  0 -114 -114 531.6 27 27 0.6 54 4.5 0.675  \
  4.5 54 45 0.675 4.5 54 4.5 0.675 4.5 
3637:  Double_t \
  3 -114 -114 576.6 27 27 0.6 54 4.5 0.675  \
  4.5 54 45 0.675 4.5 54 4.5 0.675 4.5 
3653:  Double_t \
  0 -114 -114 626.6 27 27 0.6 54 4.5 0.675  \
  4.5 54 45 0.675 4.5 54 4.5 0.675 4.5 
3669:  Double_t \
  3 -114 -114 671.6 27 27 0.6 54 4.5 0.675  \
  4.5 54 45 0.675 4.5 54 4.5 0.675 4.5 
3845:  Double_t \
  0 -57 -114 441.6 27 27 0.6 54 4.5 0.675  \
  4.5 54 45 0.675 4.5 54 4.5 0.675 4.5 
3861:  Double_t \
  3 -57 -114 486.6 27 27 0.6 54 4.5 0.675  \
  4.5 54 45 0.675 4.5 54 4.5 0.675 4.5 
3877:  Double_t \
  0 -57 -114 531.6 27 27 0.6 54 4.5 0.675  \
  4.5 54 45 0.675 4.5 54 4.5 0.675 4.5 
3893:  Double_t \
  3 -57 -114 576.6 27 27 0.6 54 4.5 0.675  \
  4.5 54 45 0.675 4.5 54 4.5 0.675 4.5 
3909:  Double_t \
  0 -57 -114 626.6 27 27 0.6 54 4.5 0.675  \
  4.5 54 45 0.675 4.5 54 4.5 0.675 4.5 
3925:  Double_t \
  3 -57 -114 671.6 27 27 0.6 54 4.5 0.675  \
  4.5 54 45 0.675 4.5 54 4.5 0.675 4.5 
4101:  Double_t \
  0 0 -114 441.6 27 27 0.6 54 4.5 0.675  \
  4.5 54 45 0.675 4.5 54 4.5 0.675 4.5 
4117:  Double_t \
  1 0 -114 486.6 27 27 0.6 54 4.5 0.675  \
  4.5 54 45 0.675 4.5 54 4.5 0.675 4.5 
4133:  Double_t \
  0 0 -114 531.6 27 27 0.6 54 4.5 0.675  \
  4.5 54 45 0.675 4.5 54 4.5 0.675 4.5 
4149:  Double_t \
  1 0 -114 576.6 27 27 0.6 54 4.5 0.675  \
  4.5 54 45 0.675 4.5 54 4.5 0.675 4.5 
4165:  Double_t \
  0 0 -114 626.6 27 27 0.6 54 4.5 0.675  \
  4.5 54 45 0.675 4.5 54 4.5 0.675 4.5 
4181:  Double_t \
  1 0 -114 671.6 27 27 0.6 54 4.5 0.675  \
  4.5 54 45 0.675 4.5 54 4.5 0.675 4.5 
4357:  Double_t \
  0 57 -114 441.6 27 27 0.6 54 4.5 0.675  \
  4.5 54 45 0.675 4.5 54 4.5 0.675 4.5 
4373:  Double_t \
  1 57 -114 486.6 27 27 0.6 54 4.5 0.675  \
  4.5 54 45 0.675 4.5 54 4.5 0.675 4.5 
4389:  Double_t \
  0 57 -114 531.6 27 27 0.6 54 4.5 0.675  \
  4.5 54 45 0.675 4.5 54 4.5 0.675 4.5 
4405:  Double_t \
  1 57 -114 576.6 27 27 0.6 54 4.5 0.675  \
  4.5 54 45 0.675 4.5 54 4.5 0.675 4.5 
4421:  Double_t \
  0 57 -114 626.6 27 27 0.6 54 4.5 0.675  \
  4.5 54 45 0.675 4.5 54 4.5 0.675 4.5 
4437:  Double_t \
  1 57 -114 671.6 27 27 0.6 54 4.5 0.675  \
  4.5 54 45 0.675 4.5 54 4.5 0.675 4.5 
4613:  Double_t \
  0 114 -114 441.6 27 27 0.6 54 4.5 0.675  \
  4.5 54 45 0.675 4.5 54 4.5 0.675 4.5 
4629:  Double_t \
  1 114 -114 486.6 27 27 0.6 54 4.5 0.675  \
  4.5 54 45 0.675 4.5 54 4.5 0.675 4.5 
4645:  Double_t \
  0 114 -114 531.6 27 27 0.6 54 4.5 0.675  \
  4.5 54 45 0.675 4.5 54 4.5 0.675 4.5 
4661:  Double_t \
  1 114 -114 576.6 27 27 0.6 54 4.5 0.675  \
  4.5 54 45 0.675 4.5 54 4.5 0.675 4.5 
4677:  Double_t \
  0 114 -114 626.6 27 27 0.6 54 4.5 0.675  \
  4.5 54 45 0.675 4.5 54 4.5 0.675 4.5 
4693:  Double_t \
  1 114 -114 671.6 27 27 0.6 54 4.5 0.675  \
  4.5 54 45 0.675 4.5 54 4.5 0.675 4.5 
4869:  Double_t \
  2 -114 114 441.6 27 27 0.6 54 4.5 0.675  \
  4.5 54 45 0.675 4.5 54 4.5 0.675 4.5 
4885:  Double_t \
  3 -114 114 486.6 27 27 0.6 54 4.5 0.675  \
  4.5 54 45 0.675 4.5 54 4.5 0.675 4.5 
4901:  Double_t \
  2 -114 114 531.6 27 27 0.6 54 4.5 0.675  \
  4.5 54 45 0.675 4.5 54 4.5 0.675 4.5 
4917:  Double_t \
  3 -114 114 576.6 27 27 0.6 54 4.5 0.675  \
  4.5 54 45 0.675 4.5 54 4.5 0.675 4.5 
4933:  Double_t \
  2 -114 114 626.6 27 27 0.6 54 4.5 0.675  \
  4.5 54 45 0.675 4.5 54 4.5 0.675 4.5 
4949:  Double_t \
  3 -114 114 671.6 27 27 0.6 54 4.5 0.675  \
  4.5 54 45 0.675 4.5 54 4.5 0.675 4.5 
5125:  Double_t \
  2 -57 114 441.6 27 27 0.6 54 4.5 0.675  \
  4.5 54 45 0.675 4.5 54 4.5 0.675 4.5 
5141:  Double_t \
  3 -57 114 486.6 27 27 0.6 54 4.5 0.675  \
  4.5 54 45 0.675 4.5 54 4.5 0.675 4.5 
5157:  Double_t \
  2 -57 114 531.6 27 27 0.6 54 4.5 0.675  \
  4.5 54 45 0.675 4.5 54 4.5 0.675 4.5 
5173:  Double_t \
  3 -57 114 576.6 27 27 0.6 54 4.5 0.675  \
  4.5 54 45 0.675 4.5 54 4.5 0.675 4.5 
5189:  Double_t \
  2 -57 114 626.6 27 27 0.6 54 4.5 0.675  \
  4.5 54 45 0.675 4.5 54 4.5 0.675 4.5 
5205:  Double_t \
  3 -57 114 671.6 27 27 0.6 54 4.5 0.675  \
  4.5 54 45 0.675 4.5 54 4.5 0.675 4.5 
5381:  Double_t \
  2 0 114 441.6 27 27 0.6 54 4.5 0.675  \
  4.5 54 45 0.675 4.5 54 4.5 0.675 4.5 
5397:  Double_t \
  1 0 114 486.6 27 27 0.6 54 4.5 0.675  \
  4.5 54 45 0.675 4.5 54 4.5 0.675 4.5 
5413:  Double_t \
  2 0 114 531.6 27 27 0.6 54 4.5 0.675  \
  4.5 54 45 0.675 4.5 54 4.5 0.675 4.5 
5429:  Double_t \
  1 0 114 576.6 27 27 0.6 54 4.5 0.675  \
  4.5 54 45 0.675 4.5 54 4.5 0.675 4.5 
5445:  Double_t \
  2 0 114 626.6 27 27 0.6 54 4.5 0.675  \
  4.5 54 45 0.675 4.5 54 4.5 0.675 4.5 
5461:  Double_t \
  1 0 114 671.6 27 27 0.6 54 4.5 0.675  \
  4.5 54 45 0.675 4.5 54 4.5 0.675 4.5 
5637:  Double_t \
  2 57 114 441.6 27 27 0.6 54 4.5 0.675  \
  4.5 54 45 0.675 4.5 54 4.5 0.675 4.5 
5653:  Double_t \
  1 57 114 486.6 27 27 0.6 54 4.5 0.675  \
  4.5 54 45 0.675 4.5 54 4.5 0.675 4.5 
5669:  Double_t \
  2 57 114 531.6 27 27 0.6 54 4.5 0.675  \
  4.5 54 45 0.675 4.5 54 4.5 0.675 4.5 
5685:  Double_t \
  1 57 114 576.6 27 27 0.6 54 4.5 0.675  \
  4.5 54 45 0.675 4.5 54 4.5 0.675 4.5 
5701:  Double_t \
  2 57 114 626.6 27 27 0.6 54 4.5 0.675  \
  4.5 54 45 0.675 4.5 54 4.5 0.675 4.5 
5717:  Double_t \
  1 57 114 671.6 27 27 0.6 54 4.5 0.675  \
  4.5 54 45 0.675 4.5 54 4.5 0.675 4.5 
5893:  Double_t \
  2 114 114 441.6 27 27 0.6 54 4.5 0.675  \
  4.5 54 45 0.675 4.5 54 4.5 0.675 4.5 
5909:  Double_t \
  1 114 114 486.6 27 27 0.6 54 4.5 0.675  \
  4.5 54 45 0.675 4.5 54 4.5 0.675 4.5 
5925:  Double_t \
  2 114 114 531.6 27 27 0.6 54 4.5 0.675  \
  4.5 54 45 0.675 4.5 54 4.5 0.675 4.5 
5941:  Double_t \
  1 114 114 576.6 27 27 0.6 54 4.5 0.675  \
  4.5 54 45 0.675 4.5 54 4.5 0.675 4.5 
5957:  Double_t \
  2 114 114 626.6 27 27 0.6 54 4.5 0.675  \
  4.5 54 45 0.675 4.5 54 4.5 0.675 4.5 
5973:  Double_t \
  1 114 114 671.6 27 27 0.6 54 4.5 0.675  \
  4.5 54 45 0.675 4.5 54 4.5 0.675 4.5 
6149:  Double_t \
  0 -190 -95 441.6 46 46 0.6 92 23 0.71875  \
  5.75 92 46 0.71875 5.75 92 23 0.71875 5.75 
6165:  Double_t \
  3 -190 -95 486.6 46 46 0.6 92 23 0.71875  \
  5.75 92 46 0.71875 5.75 92 23 0.71875 5.75 
6181:  Double_t \
  0 -190 -95 531.6 46 46 0.6 92 23 0.71875  \
  5.75 92 46 0.71875 5.75 92 23 0.71875 5.75 
6197:  Double_t \
  3 -190 -95 576.6 46 46 0.6 92 23 0.71875  \
  5.75 92 46 0.71875 5.75 92 23 0.71875 5.75 
6213:  Double_t \
  0 -190 -95 626.6 46 46 0.6 92 23 0.71875  \
  5.75 92 46 0.71875 5.75 92 23 0.71875 5.75 
6229:  Double_t \
  3 -190 -95 671.6 46 46 0.6 92 23 0.71875  \
  5.75 92 46 0.71875 5.75 92 23 0.71875 5.75 
6405:  Double_t \
  0 190 -95 441.6 46 46 0.6 92 23 0.71875  \
  5.75 92 46 0.71875 5.75 92 23 0.71875 5.75 
6421:  Double_t \
  1 190 -95 486.6 46 46 0.6 92 23 0.71875  \
  5.75 92 46 0.71875 5.75 92 23 0.71875 5.75 
6437:  Double_t \
  0 190 -95 531.6 46 46 0.6 92 23 0.71875  \
  5.75 92 46 0.71875 5.75 92 23 0.71875 5.75 
6453:  Double_t \
  1 190 -95 576.6 46 46 0.6 92 23 0.71875  \
  5.75 92 46 0.71875 5.75 92 23 0.71875 5.75 
6469:  Double_t \
  0 190 -95 626.6 46 46 0.6 92 23 0.71875  \
  5.75 92 46 0.71875 5.75 92 23 0.71875 5.75 
6485:  Double_t \
  1 190 -95 671.6 46 46 0.6 92 23 0.71875  \
  5.75 92 46 0.71875 5.75 92 23 0.71875 5.75 
6661:  Double_t \
  0 -190 0 441.6 46 46 0.6 92 23 0.71875  \
  5.75 92 46 0.71875 5.75 92 23 0.71875 5.75 
6677:  Double_t \
  3 -190 0 486.6 46 46 0.6 92 23 0.71875  \
  5.75 92 46 0.71875 5.75 92 23 0.71875 5.75 
6693:  Double_t \
  0 -190 0 531.6 46 46 0.6 92 23 0.71875  \
  5.75 92 46 0.71875 5.75 92 23 0.71875 5.75 
6709:  Double_t \
  3 -190 0 576.6 46 46 0.6 92 23 0.71875  \
  5.75 92 46 0.71875 5.75 92 23 0.71875 5.75 
6725:  Double_t \
  0 -190 0 626.6 46 46 0.6 92 23 0.71875  \
  5.75 92 46 0.71875 5.75 92 23 0.71875 5.75 
6741:  Double_t \
  3 -190 0 671.6 46 46 0.6 92 23 0.71875  \
  5.75 92 46 0.71875 5.75 92 23 0.71875 5.75 
6917:  Double_t \
  0 190 0 441.6 46 46 0.6 92 23 0.71875  \
  5.75 92 46 0.71875 5.75 92 23 0.71875 5.75 
6933:  Double_t \
  1 190 0 486.6 46 46 0.6 92 23 0.71875  \
  5.75 92 46 0.71875 5.75 92 23 0.71875 5.75 
6949:  Double_t \
  0 190 0 531.6 46 46 0.6 92 23 0.71875  \
  5.75 92 46 0.71875 5.75 92 23 0.71875 5.75 
6965:  Double_t \
  1 190 0 576.6 46 46 0.6 92 23 0.71875  \
  5.75 92 46 0.71875 5.75 92 23 0.71875 5.75 
6981:  Double_t \
  0 190 0 626.6 46 46 0.6 92 23 0.71875  \
  5.75 92 46 0.71875 5.75 92 23 0.71875 5.75 
6997:  Double_t \
  1 190 0 671.6 46 46 0.6 92 23 0.71875  \
  5.75 92 46 0.71875 5.75 92 23 0.71875 5.75 
7173:  Double_t \
  2 -190 95 441.6 46 46 0.6 92 23 0.71875  \
  5.75 92 46 0.71875 5.75 92 23 0.71875 5.75 
7189:  Double_t \
  3 -190 95 486.6 46 46 0.6 92 23 0.71875  \
  5.75 92 46 0.71875 5.75 92 23 0.71875 5.75 
7205:  Double_t \
  2 -190 95 531.6 46 46 0.6 92 23 0.71875  \
  5.75 92 46 0.71875 5.75 92 23 0.71875 5.75 
7221:  Double_t \
  3 -190 95 576.6 46 46 0.6 92 23 0.71875  \
  5.75 92 46 0.71875 5.75 92 23 0.71875 5.75 
7237:  Double_t \
  2 -190 95 626.6 46 46 0.6 92 23 0.71875  \
  5.75 92 46 0.71875 5.75 92 23 0.71875 5.75 
7253:  Double_t \
  3 -190 95 671.6 46 46 0.6 92 23 0.71875  \
  5.75 92 46 0.71875 5.75 92 23 0.71875 5.75 
7429:  Double_t \
  2 190 95 441.6 46 46 0.6 92 23 0.71875  \
  5.75 92 46 0.71875 5.75 92 23 0.71875 5.75 
7445:  Double_t \
  1 190 95 486.6 46 46 0.6 92 23 0.71875  \
  5.75 92 46 0.71875 5.75 92 23 0.71875 5.75 
7461:  Double_t \
  2 190 95 531.6 46 46 0.6 92 23 0.71875  \
  5.75 92 46 0.71875 5.75 92 23 0.71875 5.75 
7477:  Double_t \
  1 190 95 576.6 46 46 0.6 92 23 0.71875  \
  5.75 92 46 0.71875 5.75 92 23 0.71875 5.75 
7493:  Double_t \
  2 190 95 626.6 46 46 0.6 92 23 0.71875  \
  5.75 92 46 0.71875 5.75 92 23 0.71875 5.75 
7509:  Double_t \
  1 190 95 671.6 46 46 0.6 92 23 0.71875  \
  5.75 92 46 0.71875 5.75 92 23 0.71875 5.75 
7685:  Double_t \
  0 -95 -190 441.6 46 46 0.6 92 23 0.71875  \
  11.5 92 46 0.71875 11.5 92 23 0.71875 11.5 
7701:  Double_t \
  3 -95 -190 486.6 46 46 0.6 92 23 0.71875  \
  11.5 92 46 0.71875 11.5 92 23 0.71875 11.5 
7717:  Double_t \
  0 -95 -190 531.6 46 46 0.6 92 23 0.71875  \
  11.5 92 46 0.71875 11.5 92 23 0.71875 11.5 
7733:  Double_t \
  3 -95 -190 576.6 46 46 0.6 92 23 0.71875  \
  11.5 92 46 0.71875 11.5 92 23 0.71875 11.5 
7749:  Double_t \
  0 -95 -190 626.6 46 46 0.6 92 23 0.71875  \
  11.5 92 46 0.71875 11.5 92 23 0.71875 11.5 
7765:  Double_t \
  3 -95 -190 671.6 46 46 0.6 92 23 0.71875  \
  11.5 92 46 0.71875 11.5 92 23 0.71875 11.5 
7941:  Double_t \
  0 0 -190 441.6 46 46 0.6 92 23 0.71875  \
  11.5 92 46 0.71875 11.5 92 23 0.71875 11.5 
7957:  Double_t \
  1 0 -190 486.6 46 46 0.6 92 23 0.71875  \
  11.5 92 46 0.71875 11.5 92 23 0.71875 11.5 
7973:  Double_t \
  0 0 -190 531.6 46 46 0.6 92 23 0.71875  \
  11.5 92 46 0.71875 11.5 92 23 0.71875 11.5 
7989:  Double_t \
  1 0 -190 576.6 46 46 0.6 92 23 0.71875  \
  11.5 92 46 0.71875 11.5 92 23 0.71875 11.5 
8005:  Double_t \
  0 0 -190 626.6 46 46 0.6 92 23 0.71875  \
  11.5 92 46 0.71875 11.5 92 23 0.71875 11.5 
8021:  Double_t \
  1 0 -190 671.6 46 46 0.6 92 23 0.71875  \
  11.5 92 46 0.71875 11.5 92 23 0.71875 11.5 
8197:  Double_t \
  0 95 -190 441.6 46 46 0.6 92 23 0.71875  \
  11.5 92 46 0.71875 11.5 92 23 0.71875 11.5 
8213:  Double_t \
  1 95 -190 486.6 46 46 0.6 92 23 0.71875  \
  11.5 92 46 0.71875 11.5 92 23 0.71875 11.5 
8229:  Double_t \
  0 95 -190 531.6 46 46 0.6 92 23 0.71875  \
  11.5 92 46 0.71875 11.5 92 23 0.71875 11.5 
8245:  Double_t \
  1 95 -190 576.6 46 46 0.6 92 23 0.71875  \
  11.5 92 46 0.71875 11.5 92 23 0.71875 11.5 
8261:  Double_t \
  0 95 -190 626.6 46 46 0.6 92 23 0.71875  \
  11.5 92 46 0.71875 11.5 92 23 0.71875 11.5 
8277:  Double_t \
  1 95 -190 671.6 46 46 0.6 92 23 0.71875  \
  11.5 92 46 0.71875 11.5 92 23 0.71875 11.5 
8453:  Double_t \
  0 -285 0 441.6 46 46 0.6 92 23 0.71875  \
  11.5 92 46 0.71875 11.5 92 23 0.71875 11.5 
8469:  Double_t \
  3 -285 0 486.6 46 46 0.6 92 23 0.71875  \
  11.5 92 46 0.71875 11.5 92 23 0.71875 11.5 
8485:  Double_t \
  0 -285 0 531.6 46 46 0.6 92 23 0.71875  \
  11.5 92 46 0.71875 11.5 92 23 0.71875 11.5 
8501:  Double_t \
  3 -285 0 576.6 46 46 0.6 92 23 0.71875  \
  11.5 92 46 0.71875 11.5 92 23 0.71875 11.5 
8517:  Double_t \
  0 -285 -95 626.6 46 46 0.6 92 23 0.71875  \
  11.5 92 46 0.71875 11.5 92 23 0.71875 11.5 
8533:  Double_t \
  3 -285 -95 671.6 46 46 0.6 92 23 0.71875  \
  11.5 92 46 0.71875 11.5 92 23 0.71875 11.5 
8709:  Double_t \
  0 285 0 441.6 46 46 0.6 92 23 0.71875  \
  11.5 92 46 0.71875 11.5 92 23 0.71875 11.5 
8725:  Double_t \
  1 285 0 486.6 46 46 0.6 92 23 0.71875  \
  11.5 92 46 0.71875 11.5 92 23 0.71875 11.5 
8741:  Double_t \
  0 285 0 531.6 46 46 0.6 92 23 0.71875  \
  11.5 92 46 0.71875 11.5 92 23 0.71875 11.5 
8757:  Double_t \
  1 285 0 576.6 46 46 0.6 92 23 0.71875  \
  11.5 92 46 0.71875 11.5 92 23 0.71875 11.5 
8773:  Double_t \
  0 285 -95 626.6 46 46 0.6 92 23 0.71875  \
  11.5 92 46 0.71875 11.5 92 23 0.71875 11.5 
8789:  Double_t \
  1 285 -95 671.6 46 46 0.6 92 23 0.71875  \
  11.5 92 46 0.71875 11.5 92 23 0.71875 11.5 
8965:  Double_t \
  2 -95 190 441.6 46 46 0.6 92 23 0.71875  \
  11.5 92 46 0.71875 11.5 92 23 0.71875 11.5 
8981:  Double_t \
  3 -95 190 486.6 46 46 0.6 92 23 0.71875  \
  11.5 92 46 0.71875 11.5 92 23 0.71875 11.5 
8997:  Double_t \
  2 -95 190 531.6 46 46 0.6 92 23 0.71875  \
  11.5 92 46 0.71875 11.5 92 23 0.71875 11.5 
9013:  Double_t \
  3 -95 190 576.6 46 46 0.6 92 23 0.71875  \
  11.5 92 46 0.71875 11.5 92 23 0.71875 11.5 
9029:  Double_t \
  0 -285 0 626.6 46 46 0.6 92 23 0.71875  \
  11.5 92 46 0.71875 11.5 92 23 0.71875 11.5 
9045:  Double_t \
  3 -285 0 671.6 46 46 0.6 92 23 0.71875  \
  11.5 92 46 0.71875 11.5 92 23 0.71875 11.5 
9221:  Double_t \
  2 0 190 441.6 46 46 0.6 92 23 0.71875  \
  11.5 92 46 0.71875 11.5 92 23 0.71875 11.5 
9237:  Double_t \
  1 0 190 486.6 46 46 0.6 92 23 0.71875  \
  11.5 92 46 0.71875 11.5 92 23 0.71875 11.5 
9253:  Double_t \
  2 0 190 531.6 46 46 0.6 92 23 0.71875  \
  11.5 92 46 0.71875 11.5 92 23 0.71875 11.5 
9269:  Double_t \
  1 0 190 576.6 46 46 0.6 92 23 0.71875  \
  11.5 92 46 0.71875 11.5 92 23 0.71875 11.5 
9285:  Double_t \
  0 285 0 626.6 46 46 0.6 92 23 0.71875  \
  11.5 92 46 0.71875 11.5 92 23 0.71875 11.5 
9301:  Double_t \
  1 285 0 671.6 46 46 0.6 92 23 0.71875  \
  11.5 92 46 0.71875 11.5 92 23 0.71875 11.5 
9477:  Double_t \
  2 95 190 441.6 46 46 0.6 92 23 0.71875  \
  11.5 92 46 0.71875 11.5 92 23 0.71875 11.5 
9493:  Double_t \
  1 95 190 486.6 46 46 0.6 92 23 0.71875  \
  11.5 92 46 0.71875 11.5 92 23 0.71875 11.5 
9509:  Double_t \
  2 95 190 531.6 46 46 0.6 92 23 0.71875  \
  11.5 92 46 0.71875 11.5 92 23 0.71875 11.5 
9525:  Double_t \
  1 95 190 576.6 46 46 0.6 92 23 0.71875  \
  11.5 92 46 0.71875 11.5 92 23 0.71875 11.5 
9541:  Double_t \
  2 -285 95 626.6 46 46 0.6 92 23 0.71875  \
  11.5 92 46 0.71875 11.5 92 23 0.71875 11.5 
9557:  Double_t \
  3 -285 95 671.6 46 46 0.6 92 23 0.71875  \
  11.5 92 46 0.71875 11.5 92 23 0.71875 11.5 
9733:  Double_t \
  0 -285 -190 441.6 46 46 0.6 92 30.5 0.71875  \
  15.25 92 31 0.71875 15.5 92 30.5 0.71875 15.25 
9749:  Double_t \
  3 -285 -190 486.6 46 46 0.6 92 30.5 0.71875  \
  15.25 92 31 0.71875 15.5 92 30.5 0.71875 15.25 
9765:  Double_t \
  0 -285 -190 531.6 46 46 0.6 92 30.5 0.71875  \
  15.25 92 31 0.71875 15.5 92 30.5 0.71875 15.25 
9781:  Double_t \
  3 -285 -190 576.6 46 46 0.6 92 30.5 0.71875  \
  15.25 92 31 0.71875 15.5 92 30.5 0.71875 15.25 
9797:  Double_t \
  2 285 95 626.6 46 46 0.6 92 23 0.71875  \
  11.5 92 46 0.71875 11.5 92 23 0.71875 11.5 
9813:  Double_t \
  1 285 95 671.6 46 46 0.6 92 23 0.71875  \
  11.5 92 46 0.71875 11.5 92 23 0.71875 11.5 
9989:  Double_t \
  0 -190 -190 441.6 46 46 0.6 92 30.5 0.71875  \
  15.25 92 31 0.71875 15.5 92 30.5 0.71875 15.25 
10005:  Double_t \
  3 -190 -190 486.6 46 46 0.6 92 30.5 0.71875  \
  15.25 92 31 0.71875 15.5 92 30.5 0.71875 15.25 
10021:  Double_t \
  0 -190 -190 531.6 46 46 0.6 92 30.5 0.71875  \
  15.25 92 31 0.71875 15.5 92 30.5 0.71875 15.25 
10037:  Double_t \
  3 -190 -190 576.6 46 46 0.6 92 30.5 0.71875  \
  15.25 92 31 0.71875 15.5 92 30.5 0.71875 15.25 
10053:  Double_t \
  2 -95 190 626.6 46 46 0.6 92 23 0.71875  \
  11.5 92 46 0.71875 11.5 92 23 0.71875 11.5 
10069:  Double_t \
  3 -95 190 671.6 46 46 0.6 92 23 0.71875  \
  11.5 92 46 0.71875 11.5 92 23 0.71875 11.5 
10245:  Double_t \
  0 190 -190 441.6 46 46 0.6 92 30.5 0.71875  \
  15.25 92 31 0.71875 15.5 92 30.5 0.71875 15.25 
10261:  Double_t \
  1 190 -190 486.6 46 46 0.6 92 30.5 0.71875  \
  15.25 92 31 0.71875 15.5 92 30.5 0.71875 15.25 
10277:  Double_t \
  0 190 -190 531.6 46 46 0.6 92 30.5 0.71875  \
  15.25 92 31 0.71875 15.5 92 30.5 0.71875 15.25 
10293:  Double_t \
  1 190 -190 576.6 46 46 0.6 92 30.5 0.71875  \
  15.25 92 31 0.71875 15.5 92 30.5 0.71875 15.25 
10309:  Double_t \
  2 0 190 626.6 46 46 0.6 92 23 0.71875  \
  11.5 92 46 0.71875 11.5 92 23 0.71875 11.5 
10325:  Double_t \
  1 0 190 671.6 46 46 0.6 92 23 0.71875  \
  11.5 92 46 0.71875 11.5 92 23 0.71875 11.5 
10501:  Double_t \
  0 285 -190 441.6 46 46 0.6 92 30.5 0.71875  \
  15.25 92 31 0.71875 15.5 92 30.5 0.71875 15.25 
10517:  Double_t \
  1 285 -190 486.6 46 46 0.6 92 30.5 0.71875  \
  15.25 92 31 0.71875 15.5 92 30.5 0.71875 15.25 
10533:  Double_t \
  0 285 -190 531.6 46 46 0.6 92 30.5 0.71875  \
  15.25 92 31 0.71875 15.5 92 30.5 0.71875 15.25 
10549:  Double_t \
  1 285 -190 576.6 46 46 0.6 92 30.5 0.71875  \
  15.25 92 31 0.71875 15.5 92 30.5 0.71875 15.25 
10565:  Double_t \
  2 95 190 626.6 46 46 0.6 92 23 0.71875  \
  11.5 92 46 0.71875 11.5 92 23 0.71875 11.5 
10581:  Double_t \
  1 95 190 671.6 46 46 0.6 92 23 0.71875  \
  11.5 92 46 0.71875 11.5 92 23 0.71875 11.5 
10757:  Double_t \
  0 -285 -95 441.6 46 46 0.6 92 30.5 0.71875  \
  15.25 92 31 0.71875 15.5 92 30.5 0.71875 15.25 
10773:  Double_t \
  3 -285 -95 486.6 46 46 0.6 92 30.5 0.71875  \
  15.25 92 31 0.71875 15.5 92 30.5 0.71875 15.25 
10789:  Double_t \
  0 -285 -95 531.6 46 46 0.6 92 30.5 0.71875  \
  15.25 92 31 0.71875 15.5 92 30.5 0.71875 15.25 
10805:  Double_t \
  3 -285 -95 576.6 46 46 0.6 92 30.5 0.71875  \
  15.25 92 31 0.71875 15.5 92 30.5 0.71875 15.25 
10821:  Double_t \
  0 -380 -285 626.6 46 46 0.6 92 30.5 0.71875  \
  15.25 92 31 0.71875 15.5 92 30.5 0.71875 15.25 
10837:  Double_t \
  3 -380 -285 671.6 46 46 0.6 92 30.5 0.71875  \
  15.25 92 31 0.71875 15.5 92 30.5 0.71875 15.25 
11013:  Double_t \
  0 285 -95 441.6 46 46 0.6 92 30.5 0.71875  \
  15.25 92 31 0.71875 15.5 92 30.5 0.71875 15.25 
11029:  Double_t \
  1 285 -95 486.6 46 46 0.6 92 30.5 0.71875  \
  15.25 92 31 0.71875 15.5 92 30.5 0.71875 15.25 
11045:  Double_t \
  0 285 -95 531.6 46 46 0.6 92 30.5 0.71875  \
  15.25 92 31 0.71875 15.5 92 30.5 0.71875 15.25 
11061:  Double_t \
  1 285 -95 576.6 46 46 0.6 92 30.5 0.71875  \
  15.25 92 31 0.71875 15.5 92 30.5 0.71875 15.25 
11077:  Double_t \
  0 -285 -285 626.6 46 46 0.6 92 30.5 0.71875  \
  15.25 92 31 0.71875 15.5 92 30.5 0.71875 15.25 
11093:  Double_t \
  3 -285 -285 671.6 46 46 0.6 92 30.5 0.71875  \
  15.25 92 31 0.71875 15.5 92 30.5 0.71875 15.25 
11269:  Double_t \
  2 -285 95 441.6 46 46 0.6 92 30.5 0.71875  \
  15.25 92 31 0.71875 15.5 92 30.5 0.71875 15.25 
11285:  Double_t \
  3 -285 95 486.6 46 46 0.6 92 30.5 0.71875  \
  15.25 92 31 0.71875 15.5 92 30.5 0.71875 15.25 
11301:  Double_t \
  2 -285 95 531.6 46 46 0.6 92 30.5 0.71875  \
  15.25 92 31 0.71875 15.5 92 30.5 0.71875 15.25 
11317:  Double_t \
  3 -285 95 576.6 46 46 0.6 92 30.5 0.71875  \
  15.25 92 31 0.71875 15.5 92 30.5 0.71875 15.25 
11333:  Double_t \
  0 -190 -285 626.6 46 46 0.6 92 30.5 0.71875  \
  15.25 92 31 0.71875 15.5 92 30.5 0.71875 15.25 
11349:  Double_t \
  3 -190 -285 671.6 46 46 0.6 92 30.5 0.71875  \
  15.25 92 31 0.71875 15.5 92 30.5 0.71875 15.25 
11525:  Double_t \
  2 285 95 441.6 46 46 0.6 92 30.5 0.71875  \
  15.25 92 31 0.71875 15.5 92 30.5 0.71875 15.25 
11541:  Double_t \
  1 285 95 486.6 46 46 0.6 92 30.5 0.71875  \
  15.25 92 31 0.71875 15.5 92 30.5 0.71875 15.25 
11557:  Double_t \
  2 285 95 531.6 46 46 0.6 92 30.5 0.71875  \
  15.25 92 31 0.71875 15.5 92 30.5 0.71875 15.25 
11573:  Double_t \
  1 285 95 576.6 46 46 0.6 92 30.5 0.71875  \
  15.25 92 31 0.71875 15.5 92 30.5 0.71875 15.25 
11589:  Double_t \
  0 -95 -285 626.6 46 46 0.6 92 30.5 0.71875  \
  15.25 92 31 0.71875 15.5 92 30.5 0.71875 15.25 
11605:  Double_t \
  3 -95 -285 671.6 46 46 0.6 92 30.5 0.71875  \
  15.25 92 31 0.71875 15.5 92 30.5 0.71875 15.25 
11781:  Double_t \
  2 -285 190 441.6 46 46 0.6 92 30.5 0.71875  \
  15.25 92 31 0.71875 15.5 92 30.5 0.71875 15.25 
11797:  Double_t \
  3 -285 190 486.6 46 46 0.6 92 30.5 0.71875  \
  15.25 92 31 0.71875 15.5 92 30.5 0.71875 15.25 
11813:  Double_t \
  2 -285 190 531.6 46 46 0.6 92 30.5 0.71875  \
  15.25 92 31 0.71875 15.5 92 30.5 0.71875 15.25 
11829:  Double_t \
  3 -285 190 576.6 46 46 0.6 92 30.5 0.71875  \
  15.25 92 31 0.71875 15.5 92 30.5 0.71875 15.25 
11845:  Double_t \
  0 0 -285 626.6 46 46 0.6 92 30.5 0.71875  \
  15.25 92 31 0.71875 15.5 92 30.5 0.71875 15.25 
11861:  Double_t \
  1 0 -285 671.6 46 46 0.6 92 30.5 0.71875  \
  15.25 92 31 0.71875 15.5 92 30.5 0.71875 15.25 
12037:  Double_t \
  2 -190 190 441.6 46 46 0.6 92 30.5 0.71875  \
  15.25 92 31 0.71875 15.5 92 30.5 0.71875 15.25 
12053:  Double_t \
  3 -190 190 486.6 46 46 0.6 92 30.5 0.71875  \
  15.25 92 31 0.71875 15.5 92 30.5 0.71875 15.25 
12069:  Double_t \
  2 -190 190 531.6 46 46 0.6 92 30.5 0.71875  \
  15.25 92 31 0.71875 15.5 92 30.5 0.71875 15.25 
12085:  Double_t \
  3 -190 190 576.6 46 46 0.6 92 30.5 0.71875  \
  15.25 92 31 0.71875 15.5 92 30.5 0.71875 15.25 
12101:  Double_t \
  0 95 -285 626.6 46 46 0.6 92 30.5 0.71875  \
  15.25 92 31 0.71875 15.5 92 30.5 0.71875 15.25 
12117:  Double_t \
  1 95 -285 671.6 46 46 0.6 92 30.5 0.71875  \
  15.25 92 31 0.71875 15.5 92 30.5 0.71875 15.25 
12293:  Double_t \
  2 190 190 441.6 46 46 0.6 92 30.5 0.71875  \
  15.25 92 31 0.71875 15.5 92 30.5 0.71875 15.25 
12309:  Double_t \
  1 190 190 486.6 46 46 0.6 92 30.5 0.71875  \
  15.25 92 31 0.71875 15.5 92 30.5 0.71875 15.25 
12325:  Double_t \
  2 190 190 531.6 46 46 0.6 92 30.5 0.71875  \
  15.25 92 31 0.71875 15.5 92 30.5 0.71875 15.25 
12341:  Double_t \
  1 190 190 576.6 46 46 0.6 92 30.5 0.71875  \
  15.25 92 31 0.71875 15.5 92 30.5 0.71875 15.25 
12357:  Double_t \
  0 190 -285 626.6 46 46 0.6 92 30.5 0.71875  \
  15.25 92 31 0.71875 15.5 92 30.5 0.71875 15.25 
12373:  Double_t \
  1 190 -285 671.6 46 46 0.6 92 30.5 0.71875  \
  15.25 92 31 0.71875 15.5 92 30.5 0.71875 15.25 
12549:  Double_t \
  2 285 190 441.6 46 46 0.6 92 30.5 0.71875  \
  15.25 92 31 0.71875 15.5 92 30.5 0.71875 15.25 
12565:  Double_t \
  1 285 190 486.6 46 46 0.6 92 30.5 0.71875  \
  15.25 92 31 0.71875 15.5 92 30.5 0.71875 15.25 
12581:  Double_t \
  2 285 190 531.6 46 46 0.6 92 30.5 0.71875  \
  15.25 92 31 0.71875 15.5 92 30.5 0.71875 15.25 
12597:  Double_t \
  1 285 190 576.6 46 46 0.6 92 30.5 0.71875  \
  15.25 92 31 0.71875 15.5 92 30.5 0.71875 15.25 
12613:  Double_t \
  0 285 -285 626.6 46 46 0.6 92 30.5 0.71875  \
  15.25 92 31 0.71875 15.5 92 30.5 0.71875 15.25 
12629:  Double_t \
  1 285 -285 671.6 46 46 0.6 92 30.5 0.71875  \
  15.25 92 31 0.71875 15.5 92 30.5 0.71875 15.25 
12869:  Double_t \
  0 380 -285 626.6 46 46 0.6 92 30.5 0.71875  \
  15.25 92 31 0.71875 15.5 92 30.5 0.71875 15.25 
12885:  Double_t \
  1 380 -285 671.6 46 46 0.6 92 30.5 0.71875  \
  15.25 92 31 0.71875 15.5 92 30.5 0.71875 15.25 
13125:  Double_t \
  0 -380 -190 626.6 46 46 0.6 92 30.5 0.71875  \
  15.25 92 31 0.71875 15.5 92 30.5 0.71875 15.25 
13141:  Double_t \
  3 -380 -190 671.6 46 46 0.6 92 30.5 0.71875  \
  15.25 92 31 0.71875 15.5 92 30.5 0.71875 15.25 
13381:  Double_t \
  0 -285 -190 626.6 46 46 0.6 92 30.5 0.71875  \
  15.25 92 31 0.71875 15.5 92 30.5 0.71875 15.25 
13397:  Double_t \
  3 -285 -190 671.6 46 46 0.6 92 30.5 0.71875  \
  15.25 92 31 0.71875 15.5 92 30.5 0.71875 15.25 
13637:  Double_t \
  0 -190 -190 626.6 46 46 0.6 92 30.5 0.71875  \
  15.25 92 31 0.71875 15.5 92 30.5 0.71875 15.25 
13653:  Double_t \
  3 -190 -190 671.6 46 46 0.6 92 30.5 0.71875  \
  15.25 92 31 0.71875 15.5 92 30.5 0.71875 15.25 
13893:  Double_t \
  0 190 -190 626.6 46 46 0.6 92 30.5 0.71875  \
  15.25 92 31 0.71875 15.5 92 30.5 0.71875 15.25 
13909:  Double_t \
  1 190 -190 671.6 46 46 0.6 92 30.5 0.71875  \
  15.25 92 31 0.71875 15.5 92 30.5 0.71875 15.25 
14149:  Double_t \
  0 285 -190 626.6 46 46 0.6 92 30.5 0.71875  \
  15.25 92 31 0.71875 15.5 92 30.5 0.71875 15.25 
14165:  Double_t \
  1 285 -190 671.6 46 46 0.6 92 30.5 0.71875  \
  15.25 92 31 0.71875 15.5 92 30.5 0.71875 15.25 
14405:  Double_t \
  0 380 -190 626.6 46 46 0.6 92 30.5 0.71875  \
  15.25 92 31 0.71875 15.5 92 30.5 0.71875 15.25 
14421:  Double_t \
  1 380 -190 671.6 46 46 0.6 92 30.5 0.71875  \
  15.25 92 31 0.71875 15.5 92 30.5 0.71875 15.25 
14661:  Double_t \
  0 -380 -95 626.6 46 46 0.6 92 30.5 0.71875  \
  15.25 92 31 0.71875 15.5 92 30.5 0.71875 15.25 
14677:  Double_t \
  3 -380 -95 671.6 46 46 0.6 92 30.5 0.71875  \
  15.25 92 31 0.71875 15.5 92 30.5 0.71875 15.25 
14917:  Double_t \
  0 380 -95 626.6 46 46 0.6 92 30.5 0.71875  \
  15.25 92 31 0.71875 15.5 92 30.5 0.71875 15.25 
14933:  Double_t \
  1 380 -95 671.6 46 46 0.6 92 30.5 0.71875  \
  15.25 92 31 0.71875 15.5 92 30.5 0.71875 15.25 
15173:  Double_t \
  0 -380 0 626.6 46 46 0.6 92 30.5 0.71875  \
  15.25 92 31 0.71875 15.5 92 30.5 0.71875 15.25 
15189:  Double_t \
  3 -380 0 671.6 46 46 0.6 92 30.5 0.71875  \
  15.25 92 31 0.71875 15.5 92 30.5 0.71875 15.25 
15429:  Double_t \
  0 380 0 626.6 46 46 0.6 92 30.5 0.71875  \
  15.25 92 31 0.71875 15.5 92 30.5 0.71875 15.25 
15445:  Double_t \
  1 380 0 671.6 46 46 0.6 92 30.5 0.71875  \
  15.25 92 31 0.71875 15.5 92 30.5 0.71875 15.25 
15685:  Double_t \
  2 -380 95 626.6 46 46 0.6 92 30.5 0.71875  \
  15.25 92 31 0.71875 15.5 92 30.5 0.71875 15.25 
15701:  Double_t \
  3 -380 95 671.6 46 46 0.6 92 30.5 0.71875  \
  15.25 92 31 0.71875 15.5 92 30.5 0.71875 15.25 
15941:  Double_t \
  2 380 95 626.6 46 46 0.6 92 30.5 0.71875  \
  15.25 92 31 0.71875 15.5 92 30.5 0.71875 15.25 
15957:  Double_t \
  1 380 95 671.6 46 46 0.6 92 30.5 0.71875  \
  15.25 92 31 0.71875 15.5 92 30.5 0.71875 15.25 
16197:  Double_t \
  2 -380 190 626.6 46 46 0.6 92 30.5 0.71875  \
  15.25 92 31 0.71875 15.5 92 30.5 0.71875 15.25 
16213:  Double_t \
  3 -380 190 671.6 46 46 0.6 92 30.5 0.71875  \
  15.25 92 31 0.71875 15.5 92 30.5 0.71875 15.25 
16453:  Double_t \
  2 -285 190 626.6 46 46 0.6 92 30.5 0.71875  \
  15.25 92 31 0.71875 15.5 92 30.5 0.71875 15.25 
16469:  Double_t \
  3 -285 190 671.6 46 46 0.6 92 30.5 0.71875  \
  15.25 92 31 0.71875 15.5 92 30.5 0.71875 15.25 
16709:  Double_t \
  2 -190 190 626.6 46 46 0.6 92 30.5 0.71875  \
  15.25 92 31 0.71875 15.5 92 30.5 0.71875 15.25 
16725:  Double_t \
  3 -190 190 671.6 46 46 0.6 92 30.5 0.71875  \
  15.25 92 31 0.71875 15.5 92 30.5 0.71875 15.25 
16965:  Double_t \
  2 190 190 626.6 46 46 0.6 92 30.5 0.71875  \
  15.25 92 31 0.71875 15.5 92 30.5 0.71875 15.25 
16981:  Double_t \
  1 190 190 671.6 46 46 0.6 92 30.5 0.71875  \
  15.25 92 31 0.71875 15.5 92 30.5 0.71875 15.25 
17221:  Double_t \
  2 285 190 626.6 46 46 0.6 92 30.5 0.71875  \
  15.25 92 31 0.71875 15.5 92 30.5 0.71875 15.25 
17237:  Double_t \
  1 285 190 671.6 46 46 0.6 92 30.5 0.71875  \
  15.25 92 31 0.71875 15.5 92 30.5 0.71875 15.25 
17477:  Double_t \
  2 380 190 626.6 46 46 0.6 92 30.5 0.71875  \
  15.25 92 31 0.71875 15.5 92 30.5 0.71875 15.25 
17493:  Double_t \
  1 380 190 671.6 46 46 0.6 92 30.5 0.71875  \
  15.25 92 31 0.71875 15.5 92 30.5 0.71875 15.25 
17733:  Double_t \
  2 -380 285 626.6 46 46 0.6 92 30.5 0.71875  \
  15.25 92 31 0.71875 15.5 92 30.5 0.71875 15.25 
17749:  Double_t \
  3 -380 285 671.6 46 46 0.6 92 30.5 0.71875  \
  15.25 92 31 0.71875 15.5 92 30.5 0.71875 15.25 
17989:  Double_t \
  2 -285 285 626.6 46 46 0.6 92 30.5 0.71875  \
  15.25 92 31 0.71875 15.5 92 30.5 0.71875 15.25 
18005:  Double_t \
  3 -285 285 671.6 46 46 0.6 92 30.5 0.71875  \
  15.25 92 31 0.71875 15.5 92 30.5 0.71875 15.25 
18245:  Double_t \
  2 -190 285 626.6 46 46 0.6 92 30.5 0.71875  \
  15.25 92 31 0.71875 15.5 92 30.5 0.71875 15.25 
18261:  Double_t \
  3 -190 285 671.6 46 46 0.6 92 30.5 0.71875  \
  15.25 92 31 0.71875 15.5 92 30.5 0.71875 15.25 
18501:  Double_t \
  2 -95 285 626.6 46 46 0.6 92 30.5 0.71875  \
  15.25 92 31 0.71875 15.5 92 30.5 0.71875 15.25 
18517:  Double_t \
  3 -95 285 671.6 46 46 0.6 92 30.5 0.71875  \
  15.25 92 31 0.71875 15.5 92 30.5 0.71875 15.25 
18757:  Double_t \
  2 0 285 626.6 46 46 0.6 92 30.5 0.71875  \
  15.25 92 31 0.71875 15.5 92 30.5 0.71875 15.25 
18773:  Double_t \
  1 0 285 671.6 46 46 0.6 92 30.5 0.71875  \
  15.25 92 31 0.71875 15.5 92 30.5 0.71875 15.25 
19013:  Double_t \
  2 95 285 626.6 46 46 0.6 92 30.5 0.71875  \
  15.25 92 31 0.71875 15.5 92 30.5 0.71875 15.25 
19029:  Double_t \
  1 95 285 671.6 46 46 0.6 92 30.5 0.71875  \
  15.25 92 31 0.71875 15.5 92 30.5 0.71875 15.25 
19269:  Double_t \
  2 190 285 626.6 46 46 0.6 92 30.5 0.71875  \
  15.25 92 31 0.71875 15.5 92 30.5 0.71875 15.25 
19285:  Double_t \
  1 190 285 671.6 46 46 0.6 92 30.5 0.71875  \
  15.25 92 31 0.71875 15.5 92 30.5 0.71875 15.25 
19525:  Double_t \
  2 285 285 626.6 46 46 0.6 92 30.5 0.71875  \
  15.25 92 31 0.71875 15.5 92 30.5 0.71875 15.25 
19541:  Double_t \
  1 285 285 671.6 46 46 0.6 92 30.5 0.71875  \
  15.25 92 31 0.71875 15.5 92 30.5 0.71875 15.25 
19781:  Double_t \
  2 380 285 626.6 46 46 0.6 92 30.5 0.71875  \
  15.25 92 31 0.71875 15.5 92 30.5 0.71875 15.25 
19797:  Double_t \
  1 380 285 671.6 46 46 0.6 92 30.5 0.71875  \
  15.25 92 31 0.71875 15.5 92 30.5 0.71875 15.25 