##############################################################################
# Class:   CbmTrdDigiPar
# Context: TestDefaultContext
##############################################################################
[CbmTrdDigiPar]
//----------------------------------------------------------------------------
NrOfModules:  Int_t  4 
MaxSectors:  Int_t  3 
ModuleIdArray:  Int_t \
  5 21 37 53 
5:  Double_t \
  2 -18.1579 0 116.6 46 46 0.6 92 30.5 0.71875  \
  15.25 92 31 0.71875 15.5 92 30.5 0.71875 15.25 
21:  Double_t \
  1 -12.1053 0 141.6 46 46 0.6 92 30.5 0.71875  \
  15.25 92 31 0.71875 15.5 92 30.5 0.71875 15.25 
37:  Double_t \
  2 -6.05263 0 166.6 46 46 0.6 92 30.5 0.71875  \
  15.25 92 31 0.71875 15.5 92 30.5 0.71875 15.25 
53:  Double_t \
  1 0 0 191.6 46 46 0.6 92 30.5 0.71875  \
  15.25 92 31 0.71875 15.5 92 30.5 0.71875 15.25 