##############################################################################
# Class:   CbmTrdDigiPar
# Context: TestDefaultContext
##############################################################################
[CbmTrdDigiPar]
//----------------------------------------------------------------------------
NrOfModules:  Int_t  100 
MaxSectors:  Int_t  3 
ModuleIdArray:  Int_t \
  5 21 261 277 517 533 773 789 1029 1045  \
  1285 1301 1541 1557 1797 1813 2053 2069 2309 2325  \
  2565 2581 2821 2837 3077 3093 3333 3349 3589 3605  \
  3845 3861 4101 4117 4357 4373 4613 4629 4869 4885  \
  5125 5141 5381 5397 5637 5653 5893 5909 6149 6165  \
  6405 6421 6661 6677 6917 6933 7173 7189 7429 7445  \
  7685 7701 7941 7957 8197 8213 8453 8469 8709 8725  \
  8965 8981 9221 9237 9477 9493 9733 9749 9989 10005  \
  10245 10261 10501 10517 10757 10773 11013 11029 11269 11285  \
  11525 11541 11781 11797 12037 12053 12293 12309 12549 12565 
5:  Double_t \
  0 -57 -57 441.6 27 27 0.6 54 18 0.675  \
  1.5 54 18 0.675 1.5 54 18 0.675 1.5 
21:  Double_t \
  3 -57 -57 486.6 27 27 0.6 54 18 0.675  \
  1.5 54 18 0.675 1.5 54 18 0.675 1.5 
261:  Double_t \
  0 0 -57 441.6 27 27 0.6 54 18 0.675  \
  1.5 54 18 0.675 1.5 54 18 0.675 1.5 
277:  Double_t \
  1 0 -57 486.6 27 27 0.6 54 18 0.675  \
  1.5 54 18 0.675 1.5 54 18 0.675 1.5 
517:  Double_t \
  0 57 -57 441.6 27 27 0.6 54 18 0.675  \
  1.5 54 18 0.675 1.5 54 18 0.675 1.5 
533:  Double_t \
  1 57 -57 486.6 27 27 0.6 54 18 0.675  \
  1.5 54 18 0.675 1.5 54 18 0.675 1.5 
773:  Double_t \
  0 -57 0 441.6 27 27 0.6 54 18 0.675  \
  1.5 54 18 0.675 1.5 54 18 0.675 1.5 
789:  Double_t \
  3 -57 0 486.6 27 27 0.6 54 18 0.675  \
  1.5 54 18 0.675 1.5 54 18 0.675 1.5 
1029:  Double_t \
  0 57 0 441.6 27 27 0.6 54 18 0.675  \
  1.5 54 18 0.675 1.5 54 18 0.675 1.5 
1045:  Double_t \
  1 57 0 486.6 27 27 0.6 54 18 0.675  \
  1.5 54 18 0.675 1.5 54 18 0.675 1.5 
1285:  Double_t \
  2 -57 57 441.6 27 27 0.6 54 18 0.675  \
  1.5 54 18 0.675 1.5 54 18 0.675 1.5 
1301:  Double_t \
  3 -57 57 486.6 27 27 0.6 54 18 0.675  \
  1.5 54 18 0.675 1.5 54 18 0.675 1.5 
1541:  Double_t \
  2 0 57 441.6 27 27 0.6 54 18 0.675  \
  1.5 54 18 0.675 1.5 54 18 0.675 1.5 
1557:  Double_t \
  1 0 57 486.6 27 27 0.6 54 18 0.675  \
  1.5 54 18 0.675 1.5 54 18 0.675 1.5 
1797:  Double_t \
  2 57 57 441.6 27 27 0.6 54 18 0.675  \
  1.5 54 18 0.675 1.5 54 18 0.675 1.5 
1813:  Double_t \
  1 57 57 486.6 27 27 0.6 54 18 0.675  \
  1.5 54 18 0.675 1.5 54 18 0.675 1.5 
2053:  Double_t \
  0 -114 -57 441.6 27 27 0.6 54 22 0.675  \
  2.75 54 10 0.675 2.5 54 22 0.675 2.75 
2069:  Double_t \
  3 -114 -57 486.6 27 27 0.6 54 22 0.675  \
  2.75 54 10 0.675 2.5 54 22 0.675 2.75 
2309:  Double_t \
  0 114 -57 441.6 27 27 0.6 54 22 0.675  \
  2.75 54 10 0.675 2.5 54 22 0.675 2.75 
2325:  Double_t \
  1 114 -57 486.6 27 27 0.6 54 22 0.675  \
  2.75 54 10 0.675 2.5 54 22 0.675 2.75 
2565:  Double_t \
  0 -114 0 441.6 27 27 0.6 54 22 0.675  \
  2.75 54 10 0.675 2.5 54 22 0.675 2.75 
2581:  Double_t \
  3 -114 0 486.6 27 27 0.6 54 22 0.675  \
  2.75 54 10 0.675 2.5 54 22 0.675 2.75 
2821:  Double_t \
  0 114 0 441.6 27 27 0.6 54 22 0.675  \
  2.75 54 10 0.675 2.5 54 22 0.675 2.75 
2837:  Double_t \
  1 114 0 486.6 27 27 0.6 54 22 0.675  \
  2.75 54 10 0.675 2.5 54 22 0.675 2.75 
3077:  Double_t \
  2 -114 57 441.6 27 27 0.6 54 22 0.675  \
  2.75 54 10 0.675 2.5 54 22 0.675 2.75 
3093:  Double_t \
  3 -114 57 486.6 27 27 0.6 54 22 0.675  \
  2.75 54 10 0.675 2.5 54 22 0.675 2.75 
3333:  Double_t \
  2 114 57 441.6 27 27 0.6 54 22 0.675  \
  2.75 54 10 0.675 2.5 54 22 0.675 2.75 
3349:  Double_t \
  1 114 57 486.6 27 27 0.6 54 22 0.675  \
  2.75 54 10 0.675 2.5 54 22 0.675 2.75 
3589:  Double_t \
  0 -114 -114 441.6 27 27 0.6 54 4.5 0.675  \
  4.5 54 45 0.675 4.5 54 4.5 0.675 4.5 
3605:  Double_t \
  3 -114 -114 486.6 27 27 0.6 54 4.5 0.675  \
  4.5 54 45 0.675 4.5 54 4.5 0.675 4.5 
3845:  Double_t \
  0 -57 -114 441.6 27 27 0.6 54 4.5 0.675  \
  4.5 54 45 0.675 4.5 54 4.5 0.675 4.5 
3861:  Double_t \
  3 -57 -114 486.6 27 27 0.6 54 4.5 0.675  \
  4.5 54 45 0.675 4.5 54 4.5 0.675 4.5 
4101:  Double_t \
  0 0 -114 441.6 27 27 0.6 54 4.5 0.675  \
  4.5 54 45 0.675 4.5 54 4.5 0.675 4.5 
4117:  Double_t \
  1 0 -114 486.6 27 27 0.6 54 4.5 0.675  \
  4.5 54 45 0.675 4.5 54 4.5 0.675 4.5 
4357:  Double_t \
  0 57 -114 441.6 27 27 0.6 54 4.5 0.675  \
  4.5 54 45 0.675 4.5 54 4.5 0.675 4.5 
4373:  Double_t \
  1 57 -114 486.6 27 27 0.6 54 4.5 0.675  \
  4.5 54 45 0.675 4.5 54 4.5 0.675 4.5 
4613:  Double_t \
  0 114 -114 441.6 27 27 0.6 54 4.5 0.675  \
  4.5 54 45 0.675 4.5 54 4.5 0.675 4.5 
4629:  Double_t \
  1 114 -114 486.6 27 27 0.6 54 4.5 0.675  \
  4.5 54 45 0.675 4.5 54 4.5 0.675 4.5 
4869:  Double_t \
  2 -114 114 441.6 27 27 0.6 54 4.5 0.675  \
  4.5 54 45 0.675 4.5 54 4.5 0.675 4.5 
4885:  Double_t \
  3 -114 114 486.6 27 27 0.6 54 4.5 0.675  \
  4.5 54 45 0.675 4.5 54 4.5 0.675 4.5 
5125:  Double_t \
  2 -57 114 441.6 27 27 0.6 54 4.5 0.675  \
  4.5 54 45 0.675 4.5 54 4.5 0.675 4.5 
5141:  Double_t \
  3 -57 114 486.6 27 27 0.6 54 4.5 0.675  \
  4.5 54 45 0.675 4.5 54 4.5 0.675 4.5 
5381:  Double_t \
  2 0 114 441.6 27 27 0.6 54 4.5 0.675  \
  4.5 54 45 0.675 4.5 54 4.5 0.675 4.5 
5397:  Double_t \
  1 0 114 486.6 27 27 0.6 54 4.5 0.675  \
  4.5 54 45 0.675 4.5 54 4.5 0.675 4.5 
5637:  Double_t \
  2 57 114 441.6 27 27 0.6 54 4.5 0.675  \
  4.5 54 45 0.675 4.5 54 4.5 0.675 4.5 
5653:  Double_t \
  1 57 114 486.6 27 27 0.6 54 4.5 0.675  \
  4.5 54 45 0.675 4.5 54 4.5 0.675 4.5 
5893:  Double_t \
  2 114 114 441.6 27 27 0.6 54 4.5 0.675  \
  4.5 54 45 0.675 4.5 54 4.5 0.675 4.5 
5909:  Double_t \
  1 114 114 486.6 27 27 0.6 54 4.5 0.675  \
  4.5 54 45 0.675 4.5 54 4.5 0.675 4.5 
6149:  Double_t \
  0 -190 -95 441.6 46 46 0.6 92 23 0.71875  \
  5.75 92 46 0.71875 5.75 92 23 0.71875 5.75 
6165:  Double_t \
  3 -190 -95 486.6 46 46 0.6 92 23 0.71875  \
  5.75 92 46 0.71875 5.75 92 23 0.71875 5.75 
6405:  Double_t \
  0 190 -95 441.6 46 46 0.6 92 23 0.71875  \
  5.75 92 46 0.71875 5.75 92 23 0.71875 5.75 
6421:  Double_t \
  1 190 -95 486.6 46 46 0.6 92 23 0.71875  \
  5.75 92 46 0.71875 5.75 92 23 0.71875 5.75 
6661:  Double_t \
  0 -190 0 441.6 46 46 0.6 92 23 0.71875  \
  5.75 92 46 0.71875 5.75 92 23 0.71875 5.75 
6677:  Double_t \
  3 -190 0 486.6 46 46 0.6 92 23 0.71875  \
  5.75 92 46 0.71875 5.75 92 23 0.71875 5.75 
6917:  Double_t \
  0 190 0 441.6 46 46 0.6 92 23 0.71875  \
  5.75 92 46 0.71875 5.75 92 23 0.71875 5.75 
6933:  Double_t \
  1 190 0 486.6 46 46 0.6 92 23 0.71875  \
  5.75 92 46 0.71875 5.75 92 23 0.71875 5.75 
7173:  Double_t \
  2 -190 95 441.6 46 46 0.6 92 23 0.71875  \
  5.75 92 46 0.71875 5.75 92 23 0.71875 5.75 
7189:  Double_t \
  3 -190 95 486.6 46 46 0.6 92 23 0.71875  \
  5.75 92 46 0.71875 5.75 92 23 0.71875 5.75 
7429:  Double_t \
  2 190 95 441.6 46 46 0.6 92 23 0.71875  \
  5.75 92 46 0.71875 5.75 92 23 0.71875 5.75 
7445:  Double_t \
  1 190 95 486.6 46 46 0.6 92 23 0.71875  \
  5.75 92 46 0.71875 5.75 92 23 0.71875 5.75 
7685:  Double_t \
  0 -95 -190 441.6 46 46 0.6 92 23 0.71875  \
  11.5 92 46 0.71875 11.5 92 23 0.71875 11.5 
7701:  Double_t \
  3 -95 -190 486.6 46 46 0.6 92 23 0.71875  \
  11.5 92 46 0.71875 11.5 92 23 0.71875 11.5 
7941:  Double_t \
  0 0 -190 441.6 46 46 0.6 92 23 0.71875  \
  11.5 92 46 0.71875 11.5 92 23 0.71875 11.5 
7957:  Double_t \
  1 0 -190 486.6 46 46 0.6 92 23 0.71875  \
  11.5 92 46 0.71875 11.5 92 23 0.71875 11.5 
8197:  Double_t \
  0 95 -190 441.6 46 46 0.6 92 23 0.71875  \
  11.5 92 46 0.71875 11.5 92 23 0.71875 11.5 
8213:  Double_t \
  1 95 -190 486.6 46 46 0.6 92 23 0.71875  \
  11.5 92 46 0.71875 11.5 92 23 0.71875 11.5 
8453:  Double_t \
  0 -285 0 441.6 46 46 0.6 92 23 0.71875  \
  11.5 92 46 0.71875 11.5 92 23 0.71875 11.5 
8469:  Double_t \
  3 -285 0 486.6 46 46 0.6 92 23 0.71875  \
  11.5 92 46 0.71875 11.5 92 23 0.71875 11.5 
8709:  Double_t \
  0 285 0 441.6 46 46 0.6 92 23 0.71875  \
  11.5 92 46 0.71875 11.5 92 23 0.71875 11.5 
8725:  Double_t \
  1 285 0 486.6 46 46 0.6 92 23 0.71875  \
  11.5 92 46 0.71875 11.5 92 23 0.71875 11.5 
8965:  Double_t \
  2 -95 190 441.6 46 46 0.6 92 23 0.71875  \
  11.5 92 46 0.71875 11.5 92 23 0.71875 11.5 
8981:  Double_t \
  3 -95 190 486.6 46 46 0.6 92 23 0.71875  \
  11.5 92 46 0.71875 11.5 92 23 0.71875 11.5 
9221:  Double_t \
  2 0 190 441.6 46 46 0.6 92 23 0.71875  \
  11.5 92 46 0.71875 11.5 92 23 0.71875 11.5 
9237:  Double_t \
  1 0 190 486.6 46 46 0.6 92 23 0.71875  \
  11.5 92 46 0.71875 11.5 92 23 0.71875 11.5 
9477:  Double_t \
  2 95 190 441.6 46 46 0.6 92 23 0.71875  \
  11.5 92 46 0.71875 11.5 92 23 0.71875 11.5 
9493:  Double_t \
  1 95 190 486.6 46 46 0.6 92 23 0.71875  \
  11.5 92 46 0.71875 11.5 92 23 0.71875 11.5 
9733:  Double_t \
  0 -285 -190 441.6 46 46 0.6 92 30.5 0.71875  \
  15.25 92 31 0.71875 15.5 92 30.5 0.71875 15.25 
9749:  Double_t \
  3 -285 -190 486.6 46 46 0.6 92 30.5 0.71875  \
  15.25 92 31 0.71875 15.5 92 30.5 0.71875 15.25 
9989:  Double_t \
  0 -190 -190 441.6 46 46 0.6 92 30.5 0.71875  \
  15.25 92 31 0.71875 15.5 92 30.5 0.71875 15.25 
10005:  Double_t \
  3 -190 -190 486.6 46 46 0.6 92 30.5 0.71875  \
  15.25 92 31 0.71875 15.5 92 30.5 0.71875 15.25 
10245:  Double_t \
  0 190 -190 441.6 46 46 0.6 92 30.5 0.71875  \
  15.25 92 31 0.71875 15.5 92 30.5 0.71875 15.25 
10261:  Double_t \
  1 190 -190 486.6 46 46 0.6 92 30.5 0.71875  \
  15.25 92 31 0.71875 15.5 92 30.5 0.71875 15.25 
10501:  Double_t \
  0 285 -190 441.6 46 46 0.6 92 30.5 0.71875  \
  15.25 92 31 0.71875 15.5 92 30.5 0.71875 15.25 
10517:  Double_t \
  1 285 -190 486.6 46 46 0.6 92 30.5 0.71875  \
  15.25 92 31 0.71875 15.5 92 30.5 0.71875 15.25 
10757:  Double_t \
  0 -285 -95 441.6 46 46 0.6 92 30.5 0.71875  \
  15.25 92 31 0.71875 15.5 92 30.5 0.71875 15.25 
10773:  Double_t \
  3 -285 -95 486.6 46 46 0.6 92 30.5 0.71875  \
  15.25 92 31 0.71875 15.5 92 30.5 0.71875 15.25 
11013:  Double_t \
  0 285 -95 441.6 46 46 0.6 92 30.5 0.71875  \
  15.25 92 31 0.71875 15.5 92 30.5 0.71875 15.25 
11029:  Double_t \
  1 285 -95 486.6 46 46 0.6 92 30.5 0.71875  \
  15.25 92 31 0.71875 15.5 92 30.5 0.71875 15.25 
11269:  Double_t \
  2 -285 95 441.6 46 46 0.6 92 30.5 0.71875  \
  15.25 92 31 0.71875 15.5 92 30.5 0.71875 15.25 
11285:  Double_t \
  3 -285 95 486.6 46 46 0.6 92 30.5 0.71875  \
  15.25 92 31 0.71875 15.5 92 30.5 0.71875 15.25 
11525:  Double_t \
  2 285 95 441.6 46 46 0.6 92 30.5 0.71875  \
  15.25 92 31 0.71875 15.5 92 30.5 0.71875 15.25 
11541:  Double_t \
  1 285 95 486.6 46 46 0.6 92 30.5 0.71875  \
  15.25 92 31 0.71875 15.5 92 30.5 0.71875 15.25 
11781:  Double_t \
  2 -285 190 441.6 46 46 0.6 92 30.5 0.71875  \
  15.25 92 31 0.71875 15.5 92 30.5 0.71875 15.25 
11797:  Double_t \
  3 -285 190 486.6 46 46 0.6 92 30.5 0.71875  \
  15.25 92 31 0.71875 15.5 92 30.5 0.71875 15.25 
12037:  Double_t \
  2 -190 190 441.6 46 46 0.6 92 30.5 0.71875  \
  15.25 92 31 0.71875 15.5 92 30.5 0.71875 15.25 
12053:  Double_t \
  3 -190 190 486.6 46 46 0.6 92 30.5 0.71875  \
  15.25 92 31 0.71875 15.5 92 30.5 0.71875 15.25 
12293:  Double_t \
  2 190 190 441.6 46 46 0.6 92 30.5 0.71875  \
  15.25 92 31 0.71875 15.5 92 30.5 0.71875 15.25 
12309:  Double_t \
  1 190 190 486.6 46 46 0.6 92 30.5 0.71875  \
  15.25 92 31 0.71875 15.5 92 30.5 0.71875 15.25 
12549:  Double_t \
  2 285 190 441.6 46 46 0.6 92 30.5 0.71875  \
  15.25 92 31 0.71875 15.5 92 30.5 0.71875 15.25 
12565:  Double_t \
  1 285 190 486.6 46 46 0.6 92 30.5 0.71875  \
  15.25 92 31 0.71875 15.5 92 30.5 0.71875 15.25 