##############################################################################
# Class:   CbmTrdParSetDigi
# Context: TestDefaultContext
##############################################################################
[CbmTrdParSetDigi]
//----------------------------------------------------------------------------
NrOfModules:  Int_t  216 
MaxSectors:  Int_t  3 
ModuleIdArray:  Int_t \
  5 21 37 53 261 277 293 309 517 533  \
  549 565 773 789 805 821 1029 1045 1061 1077  \
  1285 1301 1317 1333 1541 1557 1573 1589 1797 1813  \
  1829 1845 2053 2069 2085 2101 2309 2325 2341 2357  \
  2565 2581 2597 2613 2821 2837 2853 2869 3077 3093  \
  3109 3125 3333 3349 3365 3381 3589 3605 3621 3637  \
  3845 3861 3877 3893 4101 4117 4133 4149 4357 4373  \
  4389 4405 4613 4629 4645 4661 4869 4885 4901 4917  \
  5125 5141 5157 5173 5381 5397 5413 5429 5637 5653  \
  5669 5685 5893 5909 5925 5941 6149 6165 6181 6197  \
  6405 6421 6437 6453 6661 6677 6693 6709 6917 6933  \
  6949 6965 7173 7189 7205 7221 7429 7445 7461 7477  \
  7685 7701 7717 7733 7941 7957 7973 7989 8197 8213  \
  8229 8245 8453 8469 8485 8501 8709 8725 8741 8757  \
  8965 8981 8997 9013 9221 9237 9253 9269 9477 9493  \
  9509 9525 9733 9749 9765 9781 9989 10005 10021 10037  \
  10245 10261 10277 10293 10501 10517 10533 10549 10757 10773  \
  10789 10805 11013 11029 11045 11061 11269 11285 11301 11317  \
  11525 11541 11557 11573 11781 11797 11813 11829 12037 12053  \
  12069 12085 12293 12309 12325 12341 12549 12565 12581 12597  \
  12805 12821 12837 12853 13061 13077 13093 13109 13317 13333  \
  13349 13365 13573 13589 13605 13621 
5:  Double_t \
  0 0.25 0.35 0.375 -85.5 -57 291.6 27 27 0.6  \
  54 18 0.675 1.5 54 18 0.675 1.5 54 18  \
  0.675 1.5 
21:  Double_t \
  3 0.25 0.35 0.375 -85.5 -57 336.6 27 27 0.6  \
  54 18 0.675 1.5 54 18 0.675 1.5 54 18  \
  0.675 1.5 
37:  Double_t \
  0 0.25 0.35 0.375 -85.5 -57 381.6 27 27 0.6  \
  54 18 0.675 1.5 54 18 0.675 1.5 54 18  \
  0.675 1.5 
53:  Double_t \
  3 0.25 0.35 0.375 -85.5 -57 426.6 27 27 0.6  \
  54 18 0.675 1.5 54 18 0.675 1.5 54 18  \
  0.675 1.5 
261:  Double_t \
  0 0.25 0.35 0.375 -28.5 -57 291.6 27 27 0.6  \
  54 18 0.675 1.5 54 18 0.675 1.5 54 18  \
  0.675 1.5 
277:  Double_t \
  3 0.25 0.35 0.375 -28.5 -57 336.6 27 27 0.6  \
  54 18 0.675 1.5 54 18 0.675 1.5 54 18  \
  0.675 1.5 
293:  Double_t \
  0 0.25 0.35 0.375 -28.5 -57 381.6 27 27 0.6  \
  54 18 0.675 1.5 54 18 0.675 1.5 54 18  \
  0.675 1.5 
309:  Double_t \
  3 0.25 0.35 0.375 -28.5 -57 426.6 27 27 0.6  \
  54 18 0.675 1.5 54 18 0.675 1.5 54 18  \
  0.675 1.5 
517:  Double_t \
  0 0.25 0.35 0.375 28.5 -57 291.6 27 27 0.6  \
  54 18 0.675 1.5 54 18 0.675 1.5 54 18  \
  0.675 1.5 
533:  Double_t \
  1 0.25 0.35 0.375 28.5 -57 336.6 27 27 0.6  \
  54 18 0.675 1.5 54 18 0.675 1.5 54 18  \
  0.675 1.5 
549:  Double_t \
  0 0.25 0.35 0.375 28.5 -57 381.6 27 27 0.6  \
  54 18 0.675 1.5 54 18 0.675 1.5 54 18  \
  0.675 1.5 
565:  Double_t \
  1 0.25 0.35 0.375 28.5 -57 426.6 27 27 0.6  \
  54 18 0.675 1.5 54 18 0.675 1.5 54 18  \
  0.675 1.5 
773:  Double_t \
  0 0.25 0.35 0.375 85.5 -57 291.6 27 27 0.6  \
  54 18 0.675 1.5 54 18 0.675 1.5 54 18  \
  0.675 1.5 
789:  Double_t \
  1 0.25 0.35 0.375 85.5 -57 336.6 27 27 0.6  \
  54 18 0.675 1.5 54 18 0.675 1.5 54 18  \
  0.675 1.5 
805:  Double_t \
  0 0.25 0.35 0.375 85.5 -57 381.6 27 27 0.6  \
  54 18 0.675 1.5 54 18 0.675 1.5 54 18  \
  0.675 1.5 
821:  Double_t \
  1 0.25 0.35 0.375 85.5 -57 426.6 27 27 0.6  \
  54 18 0.675 1.5 54 18 0.675 1.5 54 18  \
  0.675 1.5 
1029:  Double_t \
  0 0.25 0.35 0.375 -85.5 0 291.6 27 27 0.6  \
  54 18 0.675 1.5 54 18 0.675 1.5 54 18  \
  0.675 1.5 
1045:  Double_t \
  3 0.25 0.35 0.375 -85.5 0 336.6 27 27 0.6  \
  54 18 0.675 1.5 54 18 0.675 1.5 54 18  \
  0.675 1.5 
1061:  Double_t \
  0 0.25 0.35 0.375 -85.5 0 381.6 27 27 0.6  \
  54 18 0.675 1.5 54 18 0.675 1.5 54 18  \
  0.675 1.5 
1077:  Double_t \
  3 0.25 0.35 0.375 -85.5 0 426.6 27 27 0.6  \
  54 18 0.675 1.5 54 18 0.675 1.5 54 18  \
  0.675 1.5 
1285:  Double_t \
  0 0.25 0.35 0.375 85.5 0 291.6 27 27 0.6  \
  54 18 0.675 1.5 54 18 0.675 1.5 54 18  \
  0.675 1.5 
1301:  Double_t \
  1 0.25 0.35 0.375 85.5 0 336.6 27 27 0.6  \
  54 18 0.675 1.5 54 18 0.675 1.5 54 18  \
  0.675 1.5 
1317:  Double_t \
  0 0.25 0.35 0.375 85.5 0 381.6 27 27 0.6  \
  54 18 0.675 1.5 54 18 0.675 1.5 54 18  \
  0.675 1.5 
1333:  Double_t \
  1 0.25 0.35 0.375 85.5 0 426.6 27 27 0.6  \
  54 18 0.675 1.5 54 18 0.675 1.5 54 18  \
  0.675 1.5 
1541:  Double_t \
  2 0.25 0.35 0.375 -85.5 57 291.6 27 27 0.6  \
  54 18 0.675 1.5 54 18 0.675 1.5 54 18  \
  0.675 1.5 
1557:  Double_t \
  3 0.25 0.35 0.375 -85.5 57 336.6 27 27 0.6  \
  54 18 0.675 1.5 54 18 0.675 1.5 54 18  \
  0.675 1.5 
1573:  Double_t \
  2 0.25 0.35 0.375 -85.5 57 381.6 27 27 0.6  \
  54 18 0.675 1.5 54 18 0.675 1.5 54 18  \
  0.675 1.5 
1589:  Double_t \
  3 0.25 0.35 0.375 -85.5 57 426.6 27 27 0.6  \
  54 18 0.675 1.5 54 18 0.675 1.5 54 18  \
  0.675 1.5 
1797:  Double_t \
  2 0.25 0.35 0.375 -28.5 57 291.6 27 27 0.6  \
  54 18 0.675 1.5 54 18 0.675 1.5 54 18  \
  0.675 1.5 
1813:  Double_t \
  3 0.25 0.35 0.375 -28.5 57 336.6 27 27 0.6  \
  54 18 0.675 1.5 54 18 0.675 1.5 54 18  \
  0.675 1.5 
1829:  Double_t \
  2 0.25 0.35 0.375 -28.5 57 381.6 27 27 0.6  \
  54 18 0.675 1.5 54 18 0.675 1.5 54 18  \
  0.675 1.5 
1845:  Double_t \
  3 0.25 0.35 0.375 -28.5 57 426.6 27 27 0.6  \
  54 18 0.675 1.5 54 18 0.675 1.5 54 18  \
  0.675 1.5 
2053:  Double_t \
  2 0.25 0.35 0.375 28.5 57 291.6 27 27 0.6  \
  54 18 0.675 1.5 54 18 0.675 1.5 54 18  \
  0.675 1.5 
2069:  Double_t \
  1 0.25 0.35 0.375 28.5 57 336.6 27 27 0.6  \
  54 18 0.675 1.5 54 18 0.675 1.5 54 18  \
  0.675 1.5 
2085:  Double_t \
  2 0.25 0.35 0.375 28.5 57 381.6 27 27 0.6  \
  54 18 0.675 1.5 54 18 0.675 1.5 54 18  \
  0.675 1.5 
2101:  Double_t \
  1 0.25 0.35 0.375 28.5 57 426.6 27 27 0.6  \
  54 18 0.675 1.5 54 18 0.675 1.5 54 18  \
  0.675 1.5 
2309:  Double_t \
  2 0.25 0.35 0.375 85.5 57 291.6 27 27 0.6  \
  54 18 0.675 1.5 54 18 0.675 1.5 54 18  \
  0.675 1.5 
2325:  Double_t \
  1 0.25 0.35 0.375 85.5 57 336.6 27 27 0.6  \
  54 18 0.675 1.5 54 18 0.675 1.5 54 18  \
  0.675 1.5 
2341:  Double_t \
  2 0.25 0.35 0.375 85.5 57 381.6 27 27 0.6  \
  54 18 0.675 1.5 54 18 0.675 1.5 54 18  \
  0.675 1.5 
2357:  Double_t \
  1 0.25 0.35 0.375 85.5 57 426.6 27 27 0.6  \
  54 18 0.675 1.5 54 18 0.675 1.5 54 18  \
  0.675 1.5 
2565:  Double_t \
  0 0.25 0.35 0.375 -85.5 -228 291.6 27 27 0.6  \
  54 18 0.675 4.5 54 18 0.675 4.5 54 18  \
  0.675 4.5 
2581:  Double_t \
  3 0.25 0.35 0.375 -85.5 -228 336.6 27 27 0.6  \
  54 18 0.675 4.5 54 18 0.675 4.5 54 18  \
  0.675 4.5 
2597:  Double_t \
  0 0.25 0.35 0.375 -85.5 -228 381.6 27 27 0.6  \
  54 18 0.675 4.5 54 18 0.675 4.5 54 18  \
  0.675 4.5 
2613:  Double_t \
  3 0.25 0.35 0.375 -85.5 -228 426.6 27 27 0.6  \
  54 18 0.675 4.5 54 18 0.675 4.5 54 18  \
  0.675 4.5 
2821:  Double_t \
  0 0.25 0.35 0.375 -28.5 -228 291.6 27 27 0.6  \
  54 18 0.675 4.5 54 18 0.675 4.5 54 18  \
  0.675 4.5 
2837:  Double_t \
  3 0.25 0.35 0.375 -28.5 -228 336.6 27 27 0.6  \
  54 18 0.675 4.5 54 18 0.675 4.5 54 18  \
  0.675 4.5 
2853:  Double_t \
  0 0.25 0.35 0.375 -28.5 -228 381.6 27 27 0.6  \
  54 18 0.675 4.5 54 18 0.675 4.5 54 18  \
  0.675 4.5 
2869:  Double_t \
  3 0.25 0.35 0.375 -28.5 -228 426.6 27 27 0.6  \
  54 18 0.675 4.5 54 18 0.675 4.5 54 18  \
  0.675 4.5 
3077:  Double_t \
  0 0.25 0.35 0.375 28.5 -228 291.6 27 27 0.6  \
  54 18 0.675 4.5 54 18 0.675 4.5 54 18  \
  0.675 4.5 
3093:  Double_t \
  1 0.25 0.35 0.375 28.5 -228 336.6 27 27 0.6  \
  54 18 0.675 4.5 54 18 0.675 4.5 54 18  \
  0.675 4.5 
3109:  Double_t \
  0 0.25 0.35 0.375 28.5 -228 381.6 27 27 0.6  \
  54 18 0.675 4.5 54 18 0.675 4.5 54 18  \
  0.675 4.5 
3125:  Double_t \
  1 0.25 0.35 0.375 28.5 -228 426.6 27 27 0.6  \
  54 18 0.675 4.5 54 18 0.675 4.5 54 18  \
  0.675 4.5 
3333:  Double_t \
  0 0.25 0.35 0.375 85.5 -228 291.6 27 27 0.6  \
  54 18 0.675 4.5 54 18 0.675 4.5 54 18  \
  0.675 4.5 
3349:  Double_t \
  1 0.25 0.35 0.375 85.5 -228 336.6 27 27 0.6  \
  54 18 0.675 4.5 54 18 0.675 4.5 54 18  \
  0.675 4.5 
3365:  Double_t \
  0 0.25 0.35 0.375 85.5 -228 381.6 27 27 0.6  \
  54 18 0.675 4.5 54 18 0.675 4.5 54 18  \
  0.675 4.5 
3381:  Double_t \
  1 0.25 0.35 0.375 85.5 -228 426.6 27 27 0.6  \
  54 18 0.675 4.5 54 18 0.675 4.5 54 18  \
  0.675 4.5 
3589:  Double_t \
  0 0.25 0.35 0.375 -85.5 -171 291.6 27 27 0.6  \
  54 18 0.675 4.5 54 18 0.675 4.5 54 18  \
  0.675 4.5 
3605:  Double_t \
  3 0.25 0.35 0.375 -85.5 -171 336.6 27 27 0.6  \
  54 18 0.675 4.5 54 18 0.675 4.5 54 18  \
  0.675 4.5 
3621:  Double_t \
  0 0.25 0.35 0.375 -85.5 -171 381.6 27 27 0.6  \
  54 18 0.675 4.5 54 18 0.675 4.5 54 18  \
  0.675 4.5 
3637:  Double_t \
  3 0.25 0.35 0.375 -85.5 -171 426.6 27 27 0.6  \
  54 18 0.675 4.5 54 18 0.675 4.5 54 18  \
  0.675 4.5 
3845:  Double_t \
  0 0.25 0.35 0.375 -28.5 -171 291.6 27 27 0.6  \
  54 18 0.675 4.5 54 18 0.675 4.5 54 18  \
  0.675 4.5 
3861:  Double_t \
  3 0.25 0.35 0.375 -28.5 -171 336.6 27 27 0.6  \
  54 18 0.675 4.5 54 18 0.675 4.5 54 18  \
  0.675 4.5 
3877:  Double_t \
  0 0.25 0.35 0.375 -28.5 -171 381.6 27 27 0.6  \
  54 18 0.675 4.5 54 18 0.675 4.5 54 18  \
  0.675 4.5 
3893:  Double_t \
  3 0.25 0.35 0.375 -28.5 -171 426.6 27 27 0.6  \
  54 18 0.675 4.5 54 18 0.675 4.5 54 18  \
  0.675 4.5 
4101:  Double_t \
  0 0.25 0.35 0.375 28.5 -171 291.6 27 27 0.6  \
  54 18 0.675 4.5 54 18 0.675 4.5 54 18  \
  0.675 4.5 
4117:  Double_t \
  1 0.25 0.35 0.375 28.5 -171 336.6 27 27 0.6  \
  54 18 0.675 4.5 54 18 0.675 4.5 54 18  \
  0.675 4.5 
4133:  Double_t \
  0 0.25 0.35 0.375 28.5 -171 381.6 27 27 0.6  \
  54 18 0.675 4.5 54 18 0.675 4.5 54 18  \
  0.675 4.5 
4149:  Double_t \
  1 0.25 0.35 0.375 28.5 -171 426.6 27 27 0.6  \
  54 18 0.675 4.5 54 18 0.675 4.5 54 18  \
  0.675 4.5 
4357:  Double_t \
  0 0.25 0.35 0.375 85.5 -171 291.6 27 27 0.6  \
  54 18 0.675 4.5 54 18 0.675 4.5 54 18  \
  0.675 4.5 
4373:  Double_t \
  1 0.25 0.35 0.375 85.5 -171 336.6 27 27 0.6  \
  54 18 0.675 4.5 54 18 0.675 4.5 54 18  \
  0.675 4.5 
4389:  Double_t \
  0 0.25 0.35 0.375 85.5 -171 381.6 27 27 0.6  \
  54 18 0.675 4.5 54 18 0.675 4.5 54 18  \
  0.675 4.5 
4405:  Double_t \
  1 0.25 0.35 0.375 85.5 -171 426.6 27 27 0.6  \
  54 18 0.675 4.5 54 18 0.675 4.5 54 18  \
  0.675 4.5 
4613:  Double_t \
  0 0.25 0.35 0.375 -85.5 -114 291.6 27 27 0.6  \
  54 18 0.675 4.5 54 18 0.675 4.5 54 18  \
  0.675 4.5 
4629:  Double_t \
  3 0.25 0.35 0.375 -85.5 -114 336.6 27 27 0.6  \
  54 18 0.675 4.5 54 18 0.675 4.5 54 18  \
  0.675 4.5 
4645:  Double_t \
  0 0.25 0.35 0.375 -85.5 -114 381.6 27 27 0.6  \
  54 18 0.675 4.5 54 18 0.675 4.5 54 18  \
  0.675 4.5 
4661:  Double_t \
  3 0.25 0.35 0.375 -85.5 -114 426.6 27 27 0.6  \
  54 18 0.675 4.5 54 18 0.675 4.5 54 18  \
  0.675 4.5 
4869:  Double_t \
  0 0.25 0.35 0.375 -28.5 -114 291.6 27 27 0.6  \
  54 18 0.675 4.5 54 18 0.675 4.5 54 18  \
  0.675 4.5 
4885:  Double_t \
  3 0.25 0.35 0.375 -28.5 -114 336.6 27 27 0.6  \
  54 18 0.675 4.5 54 18 0.675 4.5 54 18  \
  0.675 4.5 
4901:  Double_t \
  0 0.25 0.35 0.375 -28.5 -114 381.6 27 27 0.6  \
  54 18 0.675 4.5 54 18 0.675 4.5 54 18  \
  0.675 4.5 
4917:  Double_t \
  3 0.25 0.35 0.375 -28.5 -114 426.6 27 27 0.6  \
  54 18 0.675 4.5 54 18 0.675 4.5 54 18  \
  0.675 4.5 
5125:  Double_t \
  0 0.25 0.35 0.375 28.5 -114 291.6 27 27 0.6  \
  54 18 0.675 4.5 54 18 0.675 4.5 54 18  \
  0.675 4.5 
5141:  Double_t \
  1 0.25 0.35 0.375 28.5 -114 336.6 27 27 0.6  \
  54 18 0.675 4.5 54 18 0.675 4.5 54 18  \
  0.675 4.5 
5157:  Double_t \
  0 0.25 0.35 0.375 28.5 -114 381.6 27 27 0.6  \
  54 18 0.675 4.5 54 18 0.675 4.5 54 18  \
  0.675 4.5 
5173:  Double_t \
  1 0.25 0.35 0.375 28.5 -114 426.6 27 27 0.6  \
  54 18 0.675 4.5 54 18 0.675 4.5 54 18  \
  0.675 4.5 
5381:  Double_t \
  0 0.25 0.35 0.375 85.5 -114 291.6 27 27 0.6  \
  54 18 0.675 4.5 54 18 0.675 4.5 54 18  \
  0.675 4.5 
5397:  Double_t \
  1 0.25 0.35 0.375 85.5 -114 336.6 27 27 0.6  \
  54 18 0.675 4.5 54 18 0.675 4.5 54 18  \
  0.675 4.5 
5413:  Double_t \
  0 0.25 0.35 0.375 85.5 -114 381.6 27 27 0.6  \
  54 18 0.675 4.5 54 18 0.675 4.5 54 18  \
  0.675 4.5 
5429:  Double_t \
  1 0.25 0.35 0.375 85.5 -114 426.6 27 27 0.6  \
  54 18 0.675 4.5 54 18 0.675 4.5 54 18  \
  0.675 4.5 
5637:  Double_t \
  2 0.25 0.35 0.375 -85.5 114 291.6 27 27 0.6  \
  54 18 0.675 4.5 54 18 0.675 4.5 54 18  \
  0.675 4.5 
5653:  Double_t \
  3 0.25 0.35 0.375 -85.5 114 336.6 27 27 0.6  \
  54 18 0.675 4.5 54 18 0.675 4.5 54 18  \
  0.675 4.5 
5669:  Double_t \
  2 0.25 0.35 0.375 -85.5 114 381.6 27 27 0.6  \
  54 18 0.675 4.5 54 18 0.675 4.5 54 18  \
  0.675 4.5 
5685:  Double_t \
  3 0.25 0.35 0.375 -85.5 114 426.6 27 27 0.6  \
  54 18 0.675 4.5 54 18 0.675 4.5 54 18  \
  0.675 4.5 
5893:  Double_t \
  2 0.25 0.35 0.375 -28.5 114 291.6 27 27 0.6  \
  54 18 0.675 4.5 54 18 0.675 4.5 54 18  \
  0.675 4.5 
5909:  Double_t \
  3 0.25 0.35 0.375 -28.5 114 336.6 27 27 0.6  \
  54 18 0.675 4.5 54 18 0.675 4.5 54 18  \
  0.675 4.5 
5925:  Double_t \
  2 0.25 0.35 0.375 -28.5 114 381.6 27 27 0.6  \
  54 18 0.675 4.5 54 18 0.675 4.5 54 18  \
  0.675 4.5 
5941:  Double_t \
  3 0.25 0.35 0.375 -28.5 114 426.6 27 27 0.6  \
  54 18 0.675 4.5 54 18 0.675 4.5 54 18  \
  0.675 4.5 
6149:  Double_t \
  2 0.25 0.35 0.375 28.5 114 291.6 27 27 0.6  \
  54 18 0.675 4.5 54 18 0.675 4.5 54 18  \
  0.675 4.5 
6165:  Double_t \
  1 0.25 0.35 0.375 28.5 114 336.6 27 27 0.6  \
  54 18 0.675 4.5 54 18 0.675 4.5 54 18  \
  0.675 4.5 
6181:  Double_t \
  2 0.25 0.35 0.375 28.5 114 381.6 27 27 0.6  \
  54 18 0.675 4.5 54 18 0.675 4.5 54 18  \
  0.675 4.5 
6197:  Double_t \
  1 0.25 0.35 0.375 28.5 114 426.6 27 27 0.6  \
  54 18 0.675 4.5 54 18 0.675 4.5 54 18  \
  0.675 4.5 
6405:  Double_t \
  2 0.25 0.35 0.375 85.5 114 291.6 27 27 0.6  \
  54 18 0.675 4.5 54 18 0.675 4.5 54 18  \
  0.675 4.5 
6421:  Double_t \
  1 0.25 0.35 0.375 85.5 114 336.6 27 27 0.6  \
  54 18 0.675 4.5 54 18 0.675 4.5 54 18  \
  0.675 4.5 
6437:  Double_t \
  2 0.25 0.35 0.375 85.5 114 381.6 27 27 0.6  \
  54 18 0.675 4.5 54 18 0.675 4.5 54 18  \
  0.675 4.5 
6453:  Double_t \
  1 0.25 0.35 0.375 85.5 114 426.6 27 27 0.6  \
  54 18 0.675 4.5 54 18 0.675 4.5 54 18  \
  0.675 4.5 
6661:  Double_t \
  2 0.25 0.35 0.375 -85.5 171 291.6 27 27 0.6  \
  54 18 0.675 4.5 54 18 0.675 4.5 54 18  \
  0.675 4.5 
6677:  Double_t \
  3 0.25 0.35 0.375 -85.5 171 336.6 27 27 0.6  \
  54 18 0.675 4.5 54 18 0.675 4.5 54 18  \
  0.675 4.5 
6693:  Double_t \
  2 0.25 0.35 0.375 -85.5 171 381.6 27 27 0.6  \
  54 18 0.675 4.5 54 18 0.675 4.5 54 18  \
  0.675 4.5 
6709:  Double_t \
  3 0.25 0.35 0.375 -85.5 171 426.6 27 27 0.6  \
  54 18 0.675 4.5 54 18 0.675 4.5 54 18  \
  0.675 4.5 
6917:  Double_t \
  2 0.25 0.35 0.375 -28.5 171 291.6 27 27 0.6  \
  54 18 0.675 4.5 54 18 0.675 4.5 54 18  \
  0.675 4.5 
6933:  Double_t \
  3 0.25 0.35 0.375 -28.5 171 336.6 27 27 0.6  \
  54 18 0.675 4.5 54 18 0.675 4.5 54 18  \
  0.675 4.5 
6949:  Double_t \
  2 0.25 0.35 0.375 -28.5 171 381.6 27 27 0.6  \
  54 18 0.675 4.5 54 18 0.675 4.5 54 18  \
  0.675 4.5 
6965:  Double_t \
  3 0.25 0.35 0.375 -28.5 171 426.6 27 27 0.6  \
  54 18 0.675 4.5 54 18 0.675 4.5 54 18  \
  0.675 4.5 
7173:  Double_t \
  2 0.25 0.35 0.375 28.5 171 291.6 27 27 0.6  \
  54 18 0.675 4.5 54 18 0.675 4.5 54 18  \
  0.675 4.5 
7189:  Double_t \
  1 0.25 0.35 0.375 28.5 171 336.6 27 27 0.6  \
  54 18 0.675 4.5 54 18 0.675 4.5 54 18  \
  0.675 4.5 
7205:  Double_t \
  2 0.25 0.35 0.375 28.5 171 381.6 27 27 0.6  \
  54 18 0.675 4.5 54 18 0.675 4.5 54 18  \
  0.675 4.5 
7221:  Double_t \
  1 0.25 0.35 0.375 28.5 171 426.6 27 27 0.6  \
  54 18 0.675 4.5 54 18 0.675 4.5 54 18  \
  0.675 4.5 
7429:  Double_t \
  2 0.25 0.35 0.375 85.5 171 291.6 27 27 0.6  \
  54 18 0.675 4.5 54 18 0.675 4.5 54 18  \
  0.675 4.5 
7445:  Double_t \
  1 0.25 0.35 0.375 85.5 171 336.6 27 27 0.6  \
  54 18 0.675 4.5 54 18 0.675 4.5 54 18  \
  0.675 4.5 
7461:  Double_t \
  2 0.25 0.35 0.375 85.5 171 381.6 27 27 0.6  \
  54 18 0.675 4.5 54 18 0.675 4.5 54 18  \
  0.675 4.5 
7477:  Double_t \
  1 0.25 0.35 0.375 85.5 171 426.6 27 27 0.6  \
  54 18 0.675 4.5 54 18 0.675 4.5 54 18  \
  0.675 4.5 
7685:  Double_t \
  2 0.25 0.35 0.375 -85.5 228 291.6 27 27 0.6  \
  54 18 0.675 4.5 54 18 0.675 4.5 54 18  \
  0.675 4.5 
7701:  Double_t \
  3 0.25 0.35 0.375 -85.5 228 336.6 27 27 0.6  \
  54 18 0.675 4.5 54 18 0.675 4.5 54 18  \
  0.675 4.5 
7717:  Double_t \
  2 0.25 0.35 0.375 -85.5 228 381.6 27 27 0.6  \
  54 18 0.675 4.5 54 18 0.675 4.5 54 18  \
  0.675 4.5 
7733:  Double_t \
  3 0.25 0.35 0.375 -85.5 228 426.6 27 27 0.6  \
  54 18 0.675 4.5 54 18 0.675 4.5 54 18  \
  0.675 4.5 
7941:  Double_t \
  2 0.25 0.35 0.375 -28.5 228 291.6 27 27 0.6  \
  54 18 0.675 4.5 54 18 0.675 4.5 54 18  \
  0.675 4.5 
7957:  Double_t \
  3 0.25 0.35 0.375 -28.5 228 336.6 27 27 0.6  \
  54 18 0.675 4.5 54 18 0.675 4.5 54 18  \
  0.675 4.5 
7973:  Double_t \
  2 0.25 0.35 0.375 -28.5 228 381.6 27 27 0.6  \
  54 18 0.675 4.5 54 18 0.675 4.5 54 18  \
  0.675 4.5 
7989:  Double_t \
  3 0.25 0.35 0.375 -28.5 228 426.6 27 27 0.6  \
  54 18 0.675 4.5 54 18 0.675 4.5 54 18  \
  0.675 4.5 
8197:  Double_t \
  2 0.25 0.35 0.375 28.5 228 291.6 27 27 0.6  \
  54 18 0.675 4.5 54 18 0.675 4.5 54 18  \
  0.675 4.5 
8213:  Double_t \
  1 0.25 0.35 0.375 28.5 228 336.6 27 27 0.6  \
  54 18 0.675 4.5 54 18 0.675 4.5 54 18  \
  0.675 4.5 
8229:  Double_t \
  2 0.25 0.35 0.375 28.5 228 381.6 27 27 0.6  \
  54 18 0.675 4.5 54 18 0.675 4.5 54 18  \
  0.675 4.5 
8245:  Double_t \
  1 0.25 0.35 0.375 28.5 228 426.6 27 27 0.6  \
  54 18 0.675 4.5 54 18 0.675 4.5 54 18  \
  0.675 4.5 
8453:  Double_t \
  2 0.25 0.35 0.375 85.5 228 291.6 27 27 0.6  \
  54 18 0.675 4.5 54 18 0.675 4.5 54 18  \
  0.675 4.5 
8469:  Double_t \
  1 0.25 0.35 0.375 85.5 228 336.6 27 27 0.6  \
  54 18 0.675 4.5 54 18 0.675 4.5 54 18  \
  0.675 4.5 
8485:  Double_t \
  2 0.25 0.35 0.375 85.5 228 381.6 27 27 0.6  \
  54 18 0.675 4.5 54 18 0.675 4.5 54 18  \
  0.675 4.5 
8501:  Double_t \
  1 0.25 0.35 0.375 85.5 228 426.6 27 27 0.6  \
  54 18 0.675 4.5 54 18 0.675 4.5 54 18  \
  0.675 4.5 
8709:  Double_t \
  0 0.25 0.35 0.375 -163.5 -99 291.6 48 48 0.6  \
  92 30 0.71875 3.75 92 32 0.71875 4 92 30  \
  0.71875 3.75 
8725:  Double_t \
  3 0.25 0.35 0.375 -163.5 -99 336.6 48 48 0.6  \
  92 30 0.71875 3.75 92 32 0.71875 4 92 30  \
  0.71875 3.75 
8741:  Double_t \
  0 0.25 0.35 0.375 -163.5 -99 381.6 48 48 0.6  \
  92 30 0.71875 3.75 92 32 0.71875 4 92 30  \
  0.71875 3.75 
8757:  Double_t \
  3 0.25 0.35 0.375 -163.5 -99 426.6 48 48 0.6  \
  92 30 0.71875 3.75 92 32 0.71875 4 92 30  \
  0.71875 3.75 
8965:  Double_t \
  0 0.25 0.35 0.375 163.5 -99 291.6 48 48 0.6  \
  92 30 0.71875 3.75 92 32 0.71875 4 92 30  \
  0.71875 3.75 
8981:  Double_t \
  1 0.25 0.35 0.375 163.5 -99 336.6 48 48 0.6  \
  92 30 0.71875 3.75 92 32 0.71875 4 92 30  \
  0.71875 3.75 
8997:  Double_t \
  0 0.25 0.35 0.375 163.5 -99 381.6 48 48 0.6  \
  92 30 0.71875 3.75 92 32 0.71875 4 92 30  \
  0.71875 3.75 
9013:  Double_t \
  1 0.25 0.35 0.375 163.5 -99 426.6 48 48 0.6  \
  92 30 0.71875 3.75 92 32 0.71875 4 92 30  \
  0.71875 3.75 
9221:  Double_t \
  0 0.25 0.35 0.375 -262.5 0 291.6 48 48 0.6  \
  92 30 0.71875 3.75 92 32 0.71875 4 92 30  \
  0.71875 3.75 
9237:  Double_t \
  3 0.25 0.35 0.375 -262.5 0 336.6 48 48 0.6  \
  92 30 0.71875 3.75 92 32 0.71875 4 92 30  \
  0.71875 3.75 
9253:  Double_t \
  0 0.25 0.35 0.375 -262.5 0 381.6 48 48 0.6  \
  92 30 0.71875 3.75 92 32 0.71875 4 92 30  \
  0.71875 3.75 
9269:  Double_t \
  3 0.25 0.35 0.375 -262.5 0 426.6 48 48 0.6  \
  92 30 0.71875 3.75 92 32 0.71875 4 92 30  \
  0.71875 3.75 
9477:  Double_t \
  0 0.25 0.35 0.375 -163.5 0 291.6 48 48 0.6  \
  92 30 0.71875 3.75 92 32 0.71875 4 92 30  \
  0.71875 3.75 
9493:  Double_t \
  3 0.25 0.35 0.375 -163.5 0 336.6 48 48 0.6  \
  92 30 0.71875 3.75 92 32 0.71875 4 92 30  \
  0.71875 3.75 
9509:  Double_t \
  0 0.25 0.35 0.375 -163.5 0 381.6 48 48 0.6  \
  92 30 0.71875 3.75 92 32 0.71875 4 92 30  \
  0.71875 3.75 
9525:  Double_t \
  3 0.25 0.35 0.375 -163.5 0 426.6 48 48 0.6  \
  92 30 0.71875 3.75 92 32 0.71875 4 92 30  \
  0.71875 3.75 
9733:  Double_t \
  0 0.25 0.35 0.375 163.5 0 291.6 48 48 0.6  \
  92 30 0.71875 3.75 92 32 0.71875 4 92 30  \
  0.71875 3.75 
9749:  Double_t \
  1 0.25 0.35 0.375 163.5 0 336.6 48 48 0.6  \
  92 30 0.71875 3.75 92 32 0.71875 4 92 30  \
  0.71875 3.75 
9765:  Double_t \
  0 0.25 0.35 0.375 163.5 0 381.6 48 48 0.6  \
  92 30 0.71875 3.75 92 32 0.71875 4 92 30  \
  0.71875 3.75 
9781:  Double_t \
  1 0.25 0.35 0.375 163.5 0 426.6 48 48 0.6  \
  92 30 0.71875 3.75 92 32 0.71875 4 92 30  \
  0.71875 3.75 
9989:  Double_t \
  0 0.25 0.35 0.375 262.5 0 291.6 48 48 0.6  \
  92 30 0.71875 3.75 92 32 0.71875 4 92 30  \
  0.71875 3.75 
10005:  Double_t \
  1 0.25 0.35 0.375 262.5 0 336.6 48 48 0.6  \
  92 30 0.71875 3.75 92 32 0.71875 4 92 30  \
  0.71875 3.75 
10021:  Double_t \
  0 0.25 0.35 0.375 262.5 0 381.6 48 48 0.6  \
  92 30 0.71875 3.75 92 32 0.71875 4 92 30  \
  0.71875 3.75 
10037:  Double_t \
  1 0.25 0.35 0.375 262.5 0 426.6 48 48 0.6  \
  92 30 0.71875 3.75 92 32 0.71875 4 92 30  \
  0.71875 3.75 
10245:  Double_t \
  2 0.25 0.35 0.375 -163.5 99 291.6 48 48 0.6  \
  92 30 0.71875 3.75 92 32 0.71875 4 92 30  \
  0.71875 3.75 
10261:  Double_t \
  3 0.25 0.35 0.375 -163.5 99 336.6 48 48 0.6  \
  92 30 0.71875 3.75 92 32 0.71875 4 92 30  \
  0.71875 3.75 
10277:  Double_t \
  2 0.25 0.35 0.375 -163.5 99 381.6 48 48 0.6  \
  92 30 0.71875 3.75 92 32 0.71875 4 92 30  \
  0.71875 3.75 
10293:  Double_t \
  3 0.25 0.35 0.375 -163.5 99 426.6 48 48 0.6  \
  92 30 0.71875 3.75 92 32 0.71875 4 92 30  \
  0.71875 3.75 
10501:  Double_t \
  2 0.25 0.35 0.375 163.5 99 291.6 48 48 0.6  \
  92 30 0.71875 3.75 92 32 0.71875 4 92 30  \
  0.71875 3.75 
10517:  Double_t \
  1 0.25 0.35 0.375 163.5 99 336.6 48 48 0.6  \
  92 30 0.71875 3.75 92 32 0.71875 4 92 30  \
  0.71875 3.75 
10533:  Double_t \
  2 0.25 0.35 0.375 163.5 99 381.6 48 48 0.6  \
  92 30 0.71875 3.75 92 32 0.71875 4 92 30  \
  0.71875 3.75 
10549:  Double_t \
  1 0.25 0.35 0.375 163.5 99 426.6 48 48 0.6  \
  92 30 0.71875 3.75 92 32 0.71875 4 92 30  \
  0.71875 3.75 
10757:  Double_t \
  0 0.25 0.35 0.375 -262.5 -198 291.6 48 48 0.6  \
  92 23 0.71875 11.5 92 46 0.71875 11.5 92 23  \
  0.71875 11.5 
10773:  Double_t \
  3 0.25 0.35 0.375 -262.5 -198 336.6 48 48 0.6  \
  92 23 0.71875 11.5 92 46 0.71875 11.5 92 23  \
  0.71875 11.5 
10789:  Double_t \
  0 0.25 0.35 0.375 -262.5 -198 381.6 48 48 0.6  \
  92 23 0.71875 11.5 92 46 0.71875 11.5 92 23  \
  0.71875 11.5 
10805:  Double_t \
  3 0.25 0.35 0.375 -262.5 -198 426.6 48 48 0.6  \
  92 23 0.71875 11.5 92 46 0.71875 11.5 92 23  \
  0.71875 11.5 
11013:  Double_t \
  0 0.25 0.35 0.375 -163.5 -198 291.6 48 48 0.6  \
  92 23 0.71875 11.5 92 46 0.71875 11.5 92 23  \
  0.71875 11.5 
11029:  Double_t \
  3 0.25 0.35 0.375 -163.5 -198 336.6 48 48 0.6  \
  92 23 0.71875 11.5 92 46 0.71875 11.5 92 23  \
  0.71875 11.5 
11045:  Double_t \
  0 0.25 0.35 0.375 -163.5 -198 381.6 48 48 0.6  \
  92 23 0.71875 11.5 92 46 0.71875 11.5 92 23  \
  0.71875 11.5 
11061:  Double_t \
  3 0.25 0.35 0.375 -163.5 -198 426.6 48 48 0.6  \
  92 23 0.71875 11.5 92 46 0.71875 11.5 92 23  \
  0.71875 11.5 
11269:  Double_t \
  0 0.25 0.35 0.375 163.5 -198 291.6 48 48 0.6  \
  92 23 0.71875 11.5 92 46 0.71875 11.5 92 23  \
  0.71875 11.5 
11285:  Double_t \
  1 0.25 0.35 0.375 163.5 -198 336.6 48 48 0.6  \
  92 23 0.71875 11.5 92 46 0.71875 11.5 92 23  \
  0.71875 11.5 
11301:  Double_t \
  0 0.25 0.35 0.375 163.5 -198 381.6 48 48 0.6  \
  92 23 0.71875 11.5 92 46 0.71875 11.5 92 23  \
  0.71875 11.5 
11317:  Double_t \
  1 0.25 0.35 0.375 163.5 -198 426.6 48 48 0.6  \
  92 23 0.71875 11.5 92 46 0.71875 11.5 92 23  \
  0.71875 11.5 
11525:  Double_t \
  0 0.25 0.35 0.375 262.5 -198 291.6 48 48 0.6  \
  92 23 0.71875 11.5 92 46 0.71875 11.5 92 23  \
  0.71875 11.5 
11541:  Double_t \
  1 0.25 0.35 0.375 262.5 -198 336.6 48 48 0.6  \
  92 23 0.71875 11.5 92 46 0.71875 11.5 92 23  \
  0.71875 11.5 
11557:  Double_t \
  0 0.25 0.35 0.375 262.5 -198 381.6 48 48 0.6  \
  92 23 0.71875 11.5 92 46 0.71875 11.5 92 23  \
  0.71875 11.5 
11573:  Double_t \
  1 0.25 0.35 0.375 262.5 -198 426.6 48 48 0.6  \
  92 23 0.71875 11.5 92 46 0.71875 11.5 92 23  \
  0.71875 11.5 
11781:  Double_t \
  0 0.25 0.35 0.375 -262.5 -99 291.6 48 48 0.6  \
  92 23 0.71875 11.5 92 46 0.71875 11.5 92 23  \
  0.71875 11.5 
11797:  Double_t \
  3 0.25 0.35 0.375 -262.5 -99 336.6 48 48 0.6  \
  92 23 0.71875 11.5 92 46 0.71875 11.5 92 23  \
  0.71875 11.5 
11813:  Double_t \
  0 0.25 0.35 0.375 -262.5 -99 381.6 48 48 0.6  \
  92 23 0.71875 11.5 92 46 0.71875 11.5 92 23  \
  0.71875 11.5 
11829:  Double_t \
  3 0.25 0.35 0.375 -262.5 -99 426.6 48 48 0.6  \
  92 23 0.71875 11.5 92 46 0.71875 11.5 92 23  \
  0.71875 11.5 
12037:  Double_t \
  0 0.25 0.35 0.375 262.5 -99 291.6 48 48 0.6  \
  92 23 0.71875 11.5 92 46 0.71875 11.5 92 23  \
  0.71875 11.5 
12053:  Double_t \
  1 0.25 0.35 0.375 262.5 -99 336.6 48 48 0.6  \
  92 23 0.71875 11.5 92 46 0.71875 11.5 92 23  \
  0.71875 11.5 
12069:  Double_t \
  0 0.25 0.35 0.375 262.5 -99 381.6 48 48 0.6  \
  92 23 0.71875 11.5 92 46 0.71875 11.5 92 23  \
  0.71875 11.5 
12085:  Double_t \
  1 0.25 0.35 0.375 262.5 -99 426.6 48 48 0.6  \
  92 23 0.71875 11.5 92 46 0.71875 11.5 92 23  \
  0.71875 11.5 
12293:  Double_t \
  2 0.25 0.35 0.375 -262.5 99 291.6 48 48 0.6  \
  92 23 0.71875 11.5 92 46 0.71875 11.5 92 23  \
  0.71875 11.5 
12309:  Double_t \
  3 0.25 0.35 0.375 -262.5 99 336.6 48 48 0.6  \
  92 23 0.71875 11.5 92 46 0.71875 11.5 92 23  \
  0.71875 11.5 
12325:  Double_t \
  2 0.25 0.35 0.375 -262.5 99 381.6 48 48 0.6  \
  92 23 0.71875 11.5 92 46 0.71875 11.5 92 23  \
  0.71875 11.5 
12341:  Double_t \
  3 0.25 0.35 0.375 -262.5 99 426.6 48 48 0.6  \
  92 23 0.71875 11.5 92 46 0.71875 11.5 92 23  \
  0.71875 11.5 
12549:  Double_t \
  2 0.25 0.35 0.375 262.5 99 291.6 48 48 0.6  \
  92 23 0.71875 11.5 92 46 0.71875 11.5 92 23  \
  0.71875 11.5 
12565:  Double_t \
  1 0.25 0.35 0.375 262.5 99 336.6 48 48 0.6  \
  92 23 0.71875 11.5 92 46 0.71875 11.5 92 23  \
  0.71875 11.5 
12581:  Double_t \
  2 0.25 0.35 0.375 262.5 99 381.6 48 48 0.6  \
  92 23 0.71875 11.5 92 46 0.71875 11.5 92 23  \
  0.71875 11.5 
12597:  Double_t \
  1 0.25 0.35 0.375 262.5 99 426.6 48 48 0.6  \
  92 23 0.71875 11.5 92 46 0.71875 11.5 92 23  \
  0.71875 11.5 
12805:  Double_t \
  2 0.25 0.35 0.375 -262.5 198 291.6 48 48 0.6  \
  92 23 0.71875 11.5 92 46 0.71875 11.5 92 23  \
  0.71875 11.5 
12821:  Double_t \
  3 0.25 0.35 0.375 -262.5 198 336.6 48 48 0.6  \
  92 23 0.71875 11.5 92 46 0.71875 11.5 92 23  \
  0.71875 11.5 
12837:  Double_t \
  2 0.25 0.35 0.375 -262.5 198 381.6 48 48 0.6  \
  92 23 0.71875 11.5 92 46 0.71875 11.5 92 23  \
  0.71875 11.5 
12853:  Double_t \
  3 0.25 0.35 0.375 -262.5 198 426.6 48 48 0.6  \
  92 23 0.71875 11.5 92 46 0.71875 11.5 92 23  \
  0.71875 11.5 
13061:  Double_t \
  2 0.25 0.35 0.375 -163.5 198 291.6 48 48 0.6  \
  92 23 0.71875 11.5 92 46 0.71875 11.5 92 23  \
  0.71875 11.5 
13077:  Double_t \
  3 0.25 0.35 0.375 -163.5 198 336.6 48 48 0.6  \
  92 23 0.71875 11.5 92 46 0.71875 11.5 92 23  \
  0.71875 11.5 
13093:  Double_t \
  2 0.25 0.35 0.375 -163.5 198 381.6 48 48 0.6  \
  92 23 0.71875 11.5 92 46 0.71875 11.5 92 23  \
  0.71875 11.5 
13109:  Double_t \
  3 0.25 0.35 0.375 -163.5 198 426.6 48 48 0.6  \
  92 23 0.71875 11.5 92 46 0.71875 11.5 92 23  \
  0.71875 11.5 
13317:  Double_t \
  2 0.25 0.35 0.375 163.5 198 291.6 48 48 0.6  \
  92 23 0.71875 11.5 92 46 0.71875 11.5 92 23  \
  0.71875 11.5 
13333:  Double_t \
  1 0.25 0.35 0.375 163.5 198 336.6 48 48 0.6  \
  92 23 0.71875 11.5 92 46 0.71875 11.5 92 23  \
  0.71875 11.5 
13349:  Double_t \
  2 0.25 0.35 0.375 163.5 198 381.6 48 48 0.6  \
  92 23 0.71875 11.5 92 46 0.71875 11.5 92 23  \
  0.71875 11.5 
13365:  Double_t \
  1 0.25 0.35 0.375 163.5 198 426.6 48 48 0.6  \
  92 23 0.71875 11.5 92 46 0.71875 11.5 92 23  \
  0.71875 11.5 
13573:  Double_t \
  2 0.25 0.35 0.375 262.5 198 291.6 48 48 0.6  \
  92 23 0.71875 11.5 92 46 0.71875 11.5 92 23  \
  0.71875 11.5 
13589:  Double_t \
  1 0.25 0.35 0.375 262.5 198 336.6 48 48 0.6  \
  92 23 0.71875 11.5 92 46 0.71875 11.5 92 23  \
  0.71875 11.5 
13605:  Double_t \
  2 0.25 0.35 0.375 262.5 198 381.6 48 48 0.6  \
  92 23 0.71875 11.5 92 46 0.71875 11.5 92 23  \
  0.71875 11.5 
13621:  Double_t \
  1 0.25 0.35 0.375 262.5 198 426.6 48 48 0.6  \
  92 23 0.71875 11.5 92 46 0.71875 11.5 92 23  \
  0.71875 11.5 
