##############################################################################
# Class:   CbmTrdParSetGain
# Context: TestDefaultContext
##############################################################################
[CbmTrdParSetGain]
//----------------------------------------------------------------------------
NrOfModules:  Int_t  216 
ModuleIdArray:  Int_t \
  5 21 37 53 261 277 293 309 517 533  \
  549 565 773 789 805 821 1029 1045 1061 1077  \
  1285 1301 1317 1333 1541 1557 1573 1589 1797 1813  \
  1829 1845 2053 2069 2085 2101 2309 2325 2341 2357  \
  2565 2581 2597 2613 2821 2837 2853 2869 3077 3093  \
  3109 3125 3333 3349 3365 3381 3589 3605 3621 3637  \
  3845 3861 3877 3893 4101 4117 4133 4149 4357 4373  \
  4389 4405 4613 4629 4645 4661 4869 4885 4901 4917  \
  5125 5141 5157 5173 5381 5397 5413 5429 5637 5653  \
  5669 5685 5893 5909 5925 5941 6149 6165 6181 6197  \
  6405 6421 6437 6453 6661 6677 6693 6709 6917 6933  \
  6949 6965 7173 7189 7205 7221 7429 7445 7461 7477  \
  7685 7701 7717 7733 7941 7957 7973 7989 8197 8213  \
  8229 8245 8453 8469 8485 8501 8709 8725 8741 8757  \
  8965 8981 8997 9013 9221 9237 9253 9269 9477 9493  \
  9509 9525 9733 9749 9765 9781 9989 10005 10021 10037  \
  10245 10261 10277 10293 10501 10517 10533 10549 10757 10773  \
  10789 10805 11013 11029 11045 11061 11269 11285 11301 11317  \
  11525 11541 11557 11573 11781 11797 11813 11829 12037 12053  \
  12069 12085 12293 12309 12325 12341 12549 12565 12581 12597  \
  12805 12821 12837 12853 13061 13077 13093 13109 13317 13333  \
  13349 13365 13573 13589 13605 13621 
