##############################################################################
# Class:   CbmTrdParSetDigi
# Context: TestDefaultContext
##############################################################################
[CbmTrdParSetDigi]
//----------------------------------------------------------------------------
NrOfModules:  Int_t  4 
MaxSectors:  Int_t  3 
ModuleIdArray:  Int_t \
  5 21 37 53 
5:  Double_t \
  2 0.25 0.35 0.375 -14.1209 0 150.6 46 46 0.6  \
  92 30.5 0.71875 15.25 92 31 0.71875 15.5 92 30.5  \
  0.71875 15.25 
21:  Double_t \
  1 0.25 0.35 0.375 -9.41395 0 172.6 46 46 0.6  \
  92 30.5 0.71875 15.25 92 31 0.71875 15.5 92 30.5  \
  0.71875 15.25 
37:  Double_t \
  2 0.25 0.35 0.375 -4.70698 0 194.6 46 46 0.6  \
  92 30.5 0.71875 15.25 92 31 0.71875 15.5 92 30.5  \
  0.71875 15.25 
53:  Double_t \
  1 0.25 0.35 0.375 0 0 216.6 46 46 0.6  \
  92 30.5 0.71875 15.25 92 31 0.71875 15.5 92 30.5  \
  0.71875 15.25 
