##############################################################################
# Class:   CbmTrdParSetAsic
# Context: TestDefaultContext
##############################################################################
[CbmTrdParSetAsic]
//----------------------------------------------------------------------------
NrOfModules:  Int_t  5 
ModuleId:  Int_t \
  5 21 37 53 69 
nAsic:  Int_t \
  180 1 1 1 1 
typeAsic:  Int_t \
  9 8 8 8 8 
5:  Int_t \
  5000 5001 5002 5003 5004 5005 5006 5007 5008 5009  \
  5010 5011 5012 5013 5014 5015 5016 5017 5018 5019  \
  5020 5021 5022 5023 5024 5025 5026 5027 5028 5029  \
  5030 5031 5032 5033 5034 5035 5036 5037 5038 5039  \
  5040 5041 5042 5043 5044 5045 5046 5047 5048 5049  \
  5050 5051 5052 5053 5054 5055 5056 5057 5058 5059  \
  5060 5061 5062 5063 5064 5065 5066 5067 5068 5069  \
  5070 5071 5072 5073 5074 5075 5076 5077 5078 5079  \
  5080 5081 5082 5083 5084 5085 5086 5087 5088 5089  \
  5090 5091 5092 5093 5094 5095 5096 5097 5098 5099  \
  5100 5101 5102 5103 5104 5105 5106 5107 5108 5109  \
  5110 5111 5112 5113 5114 5115 5116 5117 5118 5119  \
  5120 5121 5122 5123 5124 5125 5126 5127 5128 5129  \
  5130 5131 5132 5133 5134 5135 5136 5137 5138 5139  \
  5140 5141 5142 5143 5144 5145 5146 5147 5148 5149  \
  5150 5151 5152 5153 5154 5155 5156 5157 5158 5159  \
  5160 5161 5162 5163 5164 5165 5166 5167 5168 5169  \
  5170 5171 5172 5173 5174 5175 5176 5177 5178 5179 
5000CHS:  Int_t \
  0 0 1 1 2 2 3 3 4 4  \
  5 5 6 6 7 7 
5000PUT:  Int_t \
  303 299 296 298 299 294 302 295 299 307  \
  300 300 299 299 300 306 
5000THR:  Int_t \
  582 632 597 655 542 630 584 646 580 590  \
  583 660 592 553 597 586 
5000MDS:  Int_t \
  2587 2579 2580 2570 2569 2572 2600 2575 2578 2599  \
  2595 2592 2577 2580 2566 2577 
5001CHS:  Int_t \
  8 8 9 9 10 10 11 11 12 12  \
  13 13 14 14 15 15 
5001PUT:  Int_t \
  295 305 300 296 295 298 307 298 298 301  \
  301 305 301 294 294 299 
5001THR:  Int_t \
  552 619 556 496 590 510 564 571 594 598  \
  577 639 569 639 653 586 
5001MDS:  Int_t \
  2559 2582 2574 2567 2598 2577 2582 2576 2588 2591  \
  2589 2571 2573 2583 2582 2583 
5002CHS:  Int_t \
  16 16 17 17 18 18 19 19 20 20  \
  21 21 22 22 23 23 
5002PUT:  Int_t \
  298 300 294 297 299 293 292 299 291 298  \
  305 301 294 299 300 298 
5002THR:  Int_t \
  660 644 612 674 581 520 559 576 592 632  \
  585 599 656 530 582 580 
5002MDS:  Int_t \
  2579 2589 2576 2580 2588 2584 2573 2588 2572 2564  \
  2591 2570 2569 2567 2591 2555 
5003CHS:  Int_t \
  24 24 25 25 26 26 27 27 28 28  \
  29 29 30 30 31 31 
5003PUT:  Int_t \
  298 299 296 297 298 303 300 305 298 298  \
  308 292 297 305 298 297 
5003THR:  Int_t \
  689 636 587 602 585 586 632 509 674 542  \
  624 600 585 575 612 585 
5003MDS:  Int_t \
  2576 2577 2588 2586 2572 2588 2589 2572 2593 2560  \
  2579 2566 2557 2555 2577 2571 
5004CHS:  Int_t \
  32 32 33 33 34 34 35 35 36 36  \
  37 37 38 38 39 39 
5004PUT:  Int_t \
  293 298 302 293 301 290 299 301 300 300  \
  303 295 293 300 301 296 
5004THR:  Int_t \
  640 573 602 529 639 623 557 553 608 612  \
  648 591 585 676 653 592 
5004MDS:  Int_t \
  2572 2602 2573 2577 2579 2590 2580 2573 2567 2574  \
  2583 2580 2582 2580 2587 2582 
5005CHS:  Int_t \
  40 40 41 41 42 42 43 43 44 44  \
  45 45 46 46 47 47 
5005PUT:  Int_t \
  295 303 304 303 306 304 300 295 304 298  \
  298 298 305 300 300 302 
5005THR:  Int_t \
  630 549 607 631 686 566 562 623 645 556  \
  574 615 650 652 587 584 
5005MDS:  Int_t \
  2578 2601 2588 2569 2585 2580 2590 2579 2559 2584  \
  2585 2582 2585 2583 2579 2592 
5006CHS:  Int_t \
  48 48 49 49 50 50 51 51 52 52  \
  53 53 54 54 55 55 
5006PUT:  Int_t \
  296 300 300 299 301 293 298 302 298 301  \
  303 305 297 301 307 294 
5006THR:  Int_t \
  542 611 633 528 626 584 502 550 669 555  \
  658 538 504 585 628 611 
5006MDS:  Int_t \
  2580 2572 2590 2580 2582 2580 2603 2588 2565 2602  \
  2586 2594 2583 2587 2590 2570 
5007CHS:  Int_t \
  56 56 57 57 58 58 59 59 60 60  \
  61 61 62 62 63 63 
5007PUT:  Int_t \
  291 293 300 302 307 305 298 298 299 302  \
  293 303 302 308 304 301 
5007THR:  Int_t \
  587 643 648 586 584 641 566 553 601 602  \
  586 599 553 558 494 629 
5007MDS:  Int_t \
  2584 2565 2607 2567 2584 2585 2577 2584 2583 2603  \
  2565 2579 2565 2580 2593 2582 
5008CHS:  Int_t \
  64 64 65 65 66 66 67 67 68 68  \
  69 69 70 70 71 71 
5008PUT:  Int_t \
  288 301 299 298 300 299 301 292 301 299  \
  301 305 306 299 303 296 
5008THR:  Int_t \
  603 626 640 533 596 636 634 604 572 598  \
  532 618 610 581 545 614 
5008MDS:  Int_t \
  2569 2573 2589 2580 2572 2580 2579 2581 2572 2571  \
  2571 2579 2572 2590 2590 2579 
5009CHS:  Int_t \
  72 72 73 73 74 74 75 75 76 76  \
  77 77 78 78 79 79 
5009PUT:  Int_t \
  297 301 305 298 302 298 300 302 297 300  \
  296 298 301 300 301 298 
5009THR:  Int_t \
  587 557 648 602 587 589 673 651 642 551  \
  590 635 679 583 548 585 
5009MDS:  Int_t \
  2573 2567 2592 2568 2592 2577 2604 2601 2588 2542  \
  2581 2581 2576 2561 2576 2596 
5010CHS:  Int_t \
  80 80 81 81 82 82 83 83 84 84  \
  85 85 86 86 87 87 
5010PUT:  Int_t \
  297 307 299 298 294 298 293 299 302 298  \
  297 299 302 300 296 303 
5010THR:  Int_t \
  633 650 556 591 629 618 680 577 592 539  \
  570 580 596 606 615 569 
5010MDS:  Int_t \
  2589 2591 2579 2588 2583 2575 2575 2579 2585 2553  \
  2574 2597 2584 2574 2558 2592 
5011CHS:  Int_t \
  88 88 89 89 90 90 91 91 92 92  \
  93 93 94 94 95 95 
5011PUT:  Int_t \
  297 309 302 305 305 296 304 301 302 293  \
  291 304 297 295 290 306 
5011THR:  Int_t \
  648 568 590 599 598 576 575 577 591 604  \
  620 565 567 537 526 549 
5011MDS:  Int_t \
  2582 2588 2605 2577 2569 2586 2562 2584 2597 2565  \
  2584 2590 2580 2582 2567 2588 
5012CHS:  Int_t \
  96 96 97 97 98 98 99 99 100 100  \
  101 101 102 102 103 103 
5012PUT:  Int_t \
  300 307 296 300 301 300 300 301 301 296  \
  300 305 300 296 297 311 
5012THR:  Int_t \
  643 586 576 596 545 661 617 669 594 608  \
  600 565 588 598 604 577 
5012MDS:  Int_t \
  2598 2584 2589 2572 2566 2575 2587 2579 2572 2589  \
  2581 2561 2588 2590 2588 2562 
5013CHS:  Int_t \
  104 104 105 105 106 106 107 107 108 108  \
  109 109 110 110 111 111 
5013PUT:  Int_t \
  298 300 296 295 298 295 302 299 299 299  \
  301 298 301 300 297 302 
5013THR:  Int_t \
  594 595 540 599 637 598 598 642 735 562  \
  545 633 593 672 583 621 
5013MDS:  Int_t \
  2569 2584 2592 2579 2593 2568 2598 2579 2595 2579  \
  2597 2559 2601 2579 2592 2601 
5014CHS:  Int_t \
  112 112 113 113 114 114 115 115 116 116  \
  117 117 118 118 119 119 
5014PUT:  Int_t \
  304 303 298 303 305 298 302 303 305 294  \
  309 304 306 301 301 305 
5014THR:  Int_t \
  551 626 626 692 594 635 593 537 586 645  \
  631 581 615 568 582 563 
5014MDS:  Int_t \
  2583 2590 2591 2584 2580 2578 2584 2585 2596 2603  \
  2590 2593 2581 2583 2605 2588 
5015CHS:  Int_t \
  120 120 121 121 122 122 123 123 124 124  \
  125 125 126 126 127 127 
5015PUT:  Int_t \
  298 293 304 299 300 296 292 309 297 300  \
  292 296 305 296 303 303 
5015THR:  Int_t \
  634 585 681 597 559 660 608 593 567 603  \
  613 595 646 595 581 627 
5015MDS:  Int_t \
  2578 2576 2576 2594 2583 2558 2581 2586 2586 2577  \
  2579 2573 2579 2580 2594 2578 
5016CHS:  Int_t \
  128 128 129 129 130 130 131 131 132 132  \
  133 133 134 134 135 135 
5016PUT:  Int_t \
  290 293 295 304 297 295 298 302 298 302  \
  297 300 301 305 298 293 
5016THR:  Int_t \
  648 622 569 575 563 649 563 633 574 601  \
  621 603 571 568 648 657 
5016MDS:  Int_t \
  2583 2580 2580 2565 2572 2587 2594 2577 2577 2589  \
  2576 2569 2563 2561 2572 2580 
5017CHS:  Int_t \
  136 136 137 137 138 138 139 139 140 140  \
  141 141 142 142 143 143 
5017PUT:  Int_t \
  294 299 299 305 296 304 303 302 300 300  \
  311 300 308 301 301 300 
5017THR:  Int_t \
  643 565 660 575 635 625 666 553 598 645  \
  610 563 629 614 637 618 
5017MDS:  Int_t \
  2575 2586 2572 2578 2582 2598 2571 2582 2570 2597  \
  2565 2572 2579 2566 2568 2576 
5018CHS:  Int_t \
  144 144 145 145 146 146 147 147 148 148  \
  149 149 150 150 151 151 
5018PUT:  Int_t \
  294 299 297 301 310 299 304 305 291 299  \
  295 298 300 292 299 302 
5018THR:  Int_t \
  672 601 560 592 637 616 718 579 577 567  \
  622 622 627 654 593 587 
5018MDS:  Int_t \
  2588 2578 2597 2568 2559 2588 2571 2581 2575 2557  \
  2592 2588 2577 2563 2585 2577 
5019CHS:  Int_t \
  152 152 153 153 154 154 155 155 156 156  \
  157 157 158 158 159 159 
5019PUT:  Int_t \
  297 296 296 297 297 303 295 294 304 297  \
  301 295 295 298 297 301 
5019THR:  Int_t \
  615 578 586 548 621 626 632 637 625 591  \
  541 554 630 565 560 655 
5019MDS:  Int_t \
  2598 2596 2572 2594 2573 2596 2583 2581 2579 2571  \
  2590 2571 2575 2573 2576 2583 
5020CHS:  Int_t \
  160 160 161 161 162 162 163 163 164 164  \
  165 165 166 166 167 167 
5020PUT:  Int_t \
  302 303 302 301 294 297 292 292 289 304  \
  305 305 296 303 307 303 
5020THR:  Int_t \
  571 602 573 665 598 593 651 661 548 564  \
  536 602 645 648 563 605 
5020MDS:  Int_t \
  2582 2598 2583 2583 2590 2574 2575 2562 2581 2580  \
  2586 2574 2571 2576 2588 2597 
5021CHS:  Int_t \
  168 168 169 169 170 170 171 171 172 172  \
  173 173 174 174 175 175 
5021PUT:  Int_t \
  297 304 299 304 300 301 301 296 297 294  \
  294 295 299 302 299 303 
5021THR:  Int_t \
  552 581 619 589 585 615 645 576 607 565  \
  579 613 635 594 664 603 
5021MDS:  Int_t \
  2577 2586 2574 2569 2571 2578 2586 2573 2589 2579  \
  2574 2574 2592 2578 2586 2594 
5022CHS:  Int_t \
  176 176 177 177 178 178 179 179 180 180  \
  181 181 182 182 183 183 
5022PUT:  Int_t \
  300 302 295 297 300 300 300 300 298 296  \
  299 294 308 303 297 298 
5022THR:  Int_t \
  568 604 681 591 609 743 607 524 601 567  \
  589 512 634 621 597 622 
5022MDS:  Int_t \
  2563 2578 2564 2587 2570 2570 2583 2586 2584 2584  \
  2593 2590 2582 2592 2589 2572 
5023CHS:  Int_t \
  184 184 185 185 186 186 187 187 188 188  \
  189 189 190 190 191 191 
5023PUT:  Int_t \
  302 304 303 298 305 303 297 301 299 302  \
  291 299 301 297 300 298 
5023THR:  Int_t \
  603 618 560 640 524 612 610 594 597 627  \
  627 616 634 606 595 521 
5023MDS:  Int_t \
  2602 2580 2580 2577 2584 2578 2576 2572 2574 2579  \
  2595 2577 2579 2563 2574 2564 
5024CHS:  Int_t \
  192 192 193 193 194 194 195 195 196 196  \
  197 197 198 198 199 199 
5024PUT:  Int_t \
  291 298 302 296 299 305 302 296 299 298  \
  301 306 300 301 299 303 
5024THR:  Int_t \
  668 517 557 644 612 629 658 593 622 573  \
  591 574 555 613 565 577 
5024MDS:  Int_t \
  2564 2600 2579 2565 2572 2592 2582 2589 2594 2567  \
  2577 2598 2575 2577 2569 2562 
5025CHS:  Int_t \
  200 200 201 201 202 202 203 203 204 204  \
  205 205 206 206 207 207 
5025PUT:  Int_t \
  298 301 292 302 294 297 294 302 296 308  \
  298 290 305 296 296 303 
5025THR:  Int_t \
  665 581 635 580 579 531 629 629 629 578  \
  611 561 522 501 590 628 
5025MDS:  Int_t \
  2573 2596 2583 2613 2578 2578 2580 2563 2581 2594  \
  2567 2573 2583 2582 2570 2583 
5026CHS:  Int_t \
  208 208 209 209 210 210 211 211 212 212  \
  213 213 214 214 215 215 
5026PUT:  Int_t \
  298 302 298 299 296 300 293 302 297 303  \
  298 301 294 301 295 306 
5026THR:  Int_t \
  525 612 645 581 542 596 625 621 640 628  \
  600 638 674 549 612 659 
5026MDS:  Int_t \
  2586 2580 2571 2587 2590 2582 2570 2589 2567 2579  \
  2572 2591 2575 2580 2585 2578 
5027CHS:  Int_t \
  216 216 217 217 218 218 219 219 220 220  \
  221 221 222 222 223 223 
5027PUT:  Int_t \
  292 303 297 304 302 295 300 304 298 300  \
  305 304 297 298 295 292 
5027THR:  Int_t \
  573 562 591 581 631 640 569 649 610 587  \
  638 605 610 604 559 602 
5027MDS:  Int_t \
  2574 2570 2587 2566 2598 2572 2578 2590 2577 2585  \
  2590 2570 2584 2571 2571 2581 
5028CHS:  Int_t \
  224 224 225 225 226 226 227 227 228 228  \
  229 229 230 230 231 231 
5028PUT:  Int_t \
  299 303 303 300 299 297 298 295 297 298  \
  300 299 299 302 297 305 
5028THR:  Int_t \
  616 652 648 633 591 568 587 627 698 628  \
  602 647 603 605 638 581 
5028MDS:  Int_t \
  2573 2572 2579 2591 2584 2588 2568 2585 2576 2573  \
  2569 2575 2576 2582 2577 2582 
5029CHS:  Int_t \
  232 232 233 233 234 234 235 235 236 236  \
  237 237 238 238 239 239 
5029PUT:  Int_t \
  298 300 303 302 298 302 304 305 302 304  \
  306 303 302 309 298 299 
5029THR:  Int_t \
  607 593 587 547 562 672 629 566 552 624  \
  588 569 569 614 647 584 
5029MDS:  Int_t \
  2581 2581 2571 2571 2583 2586 2595 2597 2578 2587  \
  2603 2578 2591 2571 2573 2578 
5030CHS:  Int_t \
  240 240 241 241 242 242 243 243 244 244  \
  245 245 246 246 247 247 
5030PUT:  Int_t \
  304 299 297 294 306 294 294 297 303 299  \
  302 304 298 306 301 301 
5030THR:  Int_t \
  617 635 665 546 636 630 539 553 552 596  \
  615 549 603 637 603 598 
5030MDS:  Int_t \
  2593 2571 2589 2569 2572 2574 2586 2582 2577 2572  \
  2572 2580 2562 2564 2568 2593 
5031CHS:  Int_t \
  248 248 249 249 250 250 251 251 252 252  \
  253 253 254 254 255 255 
5031PUT:  Int_t \
  294 299 302 301 303 310 309 300 298 293  \
  300 302 305 303 304 299 
5031THR:  Int_t \
  630 593 585 608 620 614 596 613 602 574  \
  598 607 613 657 627 659 
5031MDS:  Int_t \
  2582 2601 2569 2593 2574 2577 2581 2565 2574 2580  \
  2586 2604 2566 2579 2574 2591 
5032CHS:  Int_t \
  256 256 257 257 258 258 259 259 260 260  \
  261 261 262 262 263 263 
5032PUT:  Int_t \
  299 294 295 303 305 301 297 298 300 293  \
  298 301 304 300 300 300 
5032THR:  Int_t \
  599 593 622 617 679 589 657 546 626 606  \
  574 604 536 566 611 569 
5032MDS:  Int_t \
  2563 2582 2566 2564 2582 2569 2590 2578 2595 2572  \
  2584 2590 2574 2560 2578 2592 
5033CHS:  Int_t \
  264 264 265 265 266 266 267 267 268 268  \
  269 269 270 270 271 271 
5033PUT:  Int_t \
  300 301 293 305 302 298 302 306 304 305  \
  307 299 304 305 306 296 
5033THR:  Int_t \
  602 640 608 594 609 637 601 617 557 605  \
  524 612 609 638 548 556 
5033MDS:  Int_t \
  2583 2583 2571 2590 2579 2590 2578 2584 2579 2583  \
  2576 2571 2576 2581 2581 2596 
5034CHS:  Int_t \
  272 272 273 273 274 274 275 275 276 276  \
  277 277 278 278 279 279 
5034PUT:  Int_t \
  304 300 296 304 302 301 296 298 305 304  \
  299 290 307 299 295 297 
5034THR:  Int_t \
  608 657 538 618 624 604 637 620 609 574  \
  548 563 549 622 615 588 
5034MDS:  Int_t \
  2578 2576 2580 2582 2571 2561 2586 2573 2571 2586  \
  2576 2585 2568 2588 2585 2587 
5035CHS:  Int_t \
  280 280 281 281 282 282 283 283 284 284  \
  285 285 286 286 287 287 
5035PUT:  Int_t \
  299 300 302 300 301 298 298 306 303 295  \
  299 295 299 300 295 300 
5035THR:  Int_t \
  553 633 608 603 635 625 585 524 632 601  \
  595 559 597 648 616 593 
5035MDS:  Int_t \
  2579 2592 2575 2565 2584 2592 2577 2563 2572 2556  \
  2565 2586 2577 2564 2581 2594 
5036CHS:  Int_t \
  288 288 289 289 290 290 291 291 292 292  \
  293 293 294 294 295 295 
5036PUT:  Int_t \
  303 296 294 302 300 300 303 299 293 302  \
  303 301 299 304 302 302 
5036THR:  Int_t \
  571 598 660 644 631 581 604 615 611 625  \
  611 544 591 611 639 664 
5036MDS:  Int_t \
  2581 2582 2575 2575 2586 2596 2571 2592 2574 2562  \
  2579 2560 2591 2581 2602 2586 
5037CHS:  Int_t \
  296 296 297 297 298 298 299 299 300 300  \
  301 301 302 302 303 303 
5037PUT:  Int_t \
  301 305 299 304 301 294 303 301 294 298  \
  304 303 303 300 302 293 
5037THR:  Int_t \
  600 588 574 555 556 630 516 549 622 694  \
  593 575 591 553 625 573 
5037MDS:  Int_t \
  2586 2581 2569 2580 2589 2569 2567 2578 2549 2570  \
  2588 2569 2573 2581 2599 2591 
5038CHS:  Int_t \
  304 304 305 305 306 306 307 307 308 308  \
  309 309 310 310 311 311 
5038PUT:  Int_t \
  307 294 300 300 303 296 297 300 299 300  \
  294 295 295 296 299 300 
5038THR:  Int_t \
  491 589 581 591 582 607 605 585 607 535  \
  679 599 578 634 556 621 
5038MDS:  Int_t \
  2594 2582 2570 2599 2582 2579 2582 2588 2577 2586  \
  2591 2562 2581 2588 2580 2570 
5039CHS:  Int_t \
  312 312 313 313 314 314 315 315 316 316  \
  317 317 318 318 319 319 
5039PUT:  Int_t \
  308 309 300 296 304 295 298 300 302 306  \
  295 302 299 299 303 300 
5039THR:  Int_t \
  544 585 522 630 676 586 614 597 625 574  \
  629 633 629 621 581 510 
5039MDS:  Int_t \
  2573 2591 2581 2581 2578 2579 2578 2576 2581 2576  \
  2571 2566 2562 2577 2585 2577 
5040CHS:  Int_t \
  320 320 321 321 322 322 323 323 324 324  \
  325 325 326 326 327 327 
5040PUT:  Int_t \
  301 297 306 301 300 297 301 304 298 299  \
  302 299 312 298 294 307 
5040THR:  Int_t \
  575 574 662 599 581 576 598 575 602 614  \
  568 629 590 540 651 572 
5040MDS:  Int_t \
  2585 2569 2573 2566 2605 2583 2598 2562 2577 2585  \
  2589 2591 2582 2576 2590 2576 
5041CHS:  Int_t \
  328 328 329 329 330 330 331 331 332 332  \
  333 333 334 334 335 335 
5041PUT:  Int_t \
  299 300 305 301 297 301 298 305 296 296  \
  304 300 294 302 301 300 
5041THR:  Int_t \
  584 556 527 539 608 486 567 586 582 655  \
  522 607 644 519 645 595 
5041MDS:  Int_t \
  2605 2575 2567 2575 2595 2589 2563 2593 2562 2557  \
  2573 2575 2588 2572 2601 2567 
5042CHS:  Int_t \
  336 336 337 337 338 338 339 339 340 340  \
  341 341 342 342 343 343 
5042PUT:  Int_t \
  298 302 300 301 303 306 294 300 297 305  \
  304 291 299 300 301 302 
5042THR:  Int_t \
  638 640 596 576 581 565 602 615 616 582  \
  665 558 633 626 615 617 
5042MDS:  Int_t \
  2580 2567 2590 2580 2572 2575 2580 2585 2583 2588  \
  2583 2576 2582 2589 2577 2592 
5043CHS:  Int_t \
  344 344 345 345 346 346 347 347 348 348  \
  349 349 350 350 351 351 
5043PUT:  Int_t \
  294 294 297 293 301 294 300 300 300 300  \
  293 293 305 305 288 290 
5043THR:  Int_t \
  643 523 623 541 663 667 633 586 617 609  \
  594 662 627 606 575 555 
5043MDS:  Int_t \
  2590 2592 2587 2564 2603 2556 2579 2581 2578 2570  \
  2579 2577 2580 2582 2571 2569 
5044CHS:  Int_t \
  352 352 353 353 354 354 355 355 356 356  \
  357 357 358 358 359 359 
5044PUT:  Int_t \
  297 303 300 298 308 299 292 301 302 303  \
  299 296 306 296 299 302 
5044THR:  Int_t \
  627 655 630 568 602 623 533 609 614 584  \
  679 642 624 563 489 590 
5044MDS:  Int_t \
  2585 2569 2584 2586 2582 2578 2588 2569 2580 2579  \
  2587 2599 2585 2580 2595 2578 
5045CHS:  Int_t \
  360 360 361 361 362 362 363 363 364 364  \
  365 365 366 366 367 367 
5045PUT:  Int_t \
  299 303 295 301 297 291 296 306 297 300  \
  296 296 305 298 295 300 
5045THR:  Int_t \
  609 622 603 619 565 548 562 578 573 578  \
  565 624 611 557 631 596 
5045MDS:  Int_t \
  2581 2573 2585 2571 2592 2564 2571 2588 2587 2576  \
  2567 2557 2575 2578 2591 2580 
5046CHS:  Int_t \
  368 368 369 369 370 370 371 371 372 372  \
  373 373 374 374 375 375 
5046PUT:  Int_t \
  301 298 297 295 303 302 300 294 303 302  \
  303 296 303 300 298 299 
5046THR:  Int_t \
  597 617 569 590 639 558 574 577 694 663  \
  642 618 550 541 614 539 
5046MDS:  Int_t \
  2586 2569 2574 2562 2583 2574 2572 2572 2554 2567  \
  2590 2602 2559 2575 2578 2584 
5047CHS:  Int_t \
  376 376 377 377 378 378 379 379 380 380  \
  381 381 382 382 383 383 
5047PUT:  Int_t \
  299 299 303 301 304 301 302 302 290 292  \
  303 302 299 304 293 298 
5047THR:  Int_t \
  612 659 637 622 525 688 605 659 618 630  \
  617 627 537 659 590 573 
5047MDS:  Int_t \
  2578 2573 2566 2579 2591 2564 2584 2594 2582 2570  \
  2588 2591 2587 2572 2583 2575 
5048CHS:  Int_t \
  384 384 385 385 386 386 387 387 388 388  \
  389 389 390 390 391 391 
5048PUT:  Int_t \
  304 306 303 293 301 298 296 302 295 296  \
  305 293 293 301 297 297 
5048THR:  Int_t \
  664 637 672 649 656 651 601 623 541 572  \
  573 608 572 540 676 539 
5048MDS:  Int_t \
  2576 2584 2567 2566 2579 2583 2588 2574 2571 2609  \
  2586 2580 2586 2585 2579 2586 
5049CHS:  Int_t \
  392 392 393 393 394 394 395 395 396 396  \
  397 397 398 398 399 399 
5049PUT:  Int_t \
  300 306 300 296 293 302 301 293 292 303  \
  291 305 297 300 306 303 
5049THR:  Int_t \
  620 519 551 610 627 636 609 543 535 651  \
  582 588 634 564 602 690 
5049MDS:  Int_t \
  2578 2577 2582 2600 2582 2591 2585 2570 2569 2579  \
  2572 2589 2612 2572 2570 2586 
5050CHS:  Int_t \
  400 400 401 401 402 402 403 403 404 404  \
  405 405 406 406 407 407 
5050PUT:  Int_t \
  295 301 299 299 298 298 299 302 305 303  \
  298 296 301 305 295 296 
5050THR:  Int_t \
  606 659 493 640 593 637 576 585 554 681  \
  590 572 597 655 603 627 
5050MDS:  Int_t \
  2585 2574 2591 2590 2576 2583 2572 2585 2580 2583  \
  2586 2581 2589 2584 2571 2584 
5051CHS:  Int_t \
  408 408 409 409 410 410 411 411 412 412  \
  413 413 414 414 415 415 
5051PUT:  Int_t \
  291 302 297 296 297 299 294 302 300 302  \
  305 302 295 296 303 300 
5051THR:  Int_t \
  556 577 592 624 594 675 630 653 623 629  \
  643 628 642 616 663 638 
5051MDS:  Int_t \
  2570 2583 2573 2575 2576 2576 2572 2577 2586 2584  \
  2580 2588 2591 2592 2581 2577 
5052CHS:  Int_t \
  416 416 417 417 418 418 419 419 420 420  \
  421 421 422 422 423 423 
5052PUT:  Int_t \
  296 296 298 299 297 299 294 303 300 303  \
  304 294 300 300 299 299 
5052THR:  Int_t \
  677 553 569 641 573 521 557 528 602 609  \
  642 565 650 651 597 575 
5052MDS:  Int_t \
  2573 2575 2588 2585 2579 2575 2573 2588 2579 2572  \
  2583 2575 2572 2587 2586 2582 
5053CHS:  Int_t \
  424 424 425 425 426 426 427 427 428 428  \
  429 429 430 430 431 431 
5053PUT:  Int_t \
  301 302 303 295 298 294 301 290 301 301  \
  291 299 301 300 295 297 
5053THR:  Int_t \
  660 561 600 579 532 654 555 566 600 672  \
  591 637 600 571 585 658 
5053MDS:  Int_t \
  2566 2584 2589 2582 2575 2582 2587 2568 2591 2591  \
  2593 2574 2576 2578 2579 2564 
5054CHS:  Int_t \
  432 432 433 433 434 434 435 435 436 436  \
  437 437 438 438 439 439 
5054PUT:  Int_t \
  295 294 299 299 299 307 301 304 300 299  \
  296 302 302 295 304 300 
5054THR:  Int_t \
  587 610 544 573 620 648 641 635 585 604  \
  562 663 618 622 566 541 
5054MDS:  Int_t \
  2587 2589 2574 2593 2584 2575 2589 2591 2584 2595  \
  2589 2579 2575 2564 2587 2581 
5055CHS:  Int_t \
  440 440 441 441 442 442 443 443 444 444  \
  445 445 446 446 447 447 
5055PUT:  Int_t \
  300 302 302 299 301 297 298 298 304 303  \
  300 299 297 306 302 307 
5055THR:  Int_t \
  582 547 654 624 500 576 619 653 557 538  \
  577 654 591 619 610 564 
5055MDS:  Int_t \
  2571 2596 2588 2591 2583 2581 2589 2576 2566 2571  \
  2560 2581 2585 2586 2569 2567 
5056CHS:  Int_t \
  448 448 449 449 450 450 451 451 452 452  \
  453 453 454 454 455 455 
5056PUT:  Int_t \
  298 297 296 303 307 300 301 301 303 299  \
  302 296 297 292 305 304 
5056THR:  Int_t \
  613 674 562 593 587 562 603 615 547 590  \
  584 656 689 610 629 604 
5056MDS:  Int_t \
  2602 2569 2569 2590 2577 2593 2573 2600 2585 2584  \
  2582 2575 2600 2575 2595 2586 
5057CHS:  Int_t \
  456 456 457 457 458 458 459 459 460 460  \
  461 461 462 462 463 463 
5057PUT:  Int_t \
  305 297 297 302 294 298 295 305 307 298  \
  302 302 303 292 300 305 
5057THR:  Int_t \
  602 566 581 597 658 573 647 605 557 589  \
  556 580 576 629 604 570 
5057MDS:  Int_t \
  2556 2581 2556 2576 2562 2581 2578 2569 2571 2587  \
  2572 2572 2595 2566 2587 2564 
5058CHS:  Int_t \
  464 464 465 465 466 466 467 467 468 468  \
  469 469 470 470 471 471 
5058PUT:  Int_t \
  305 303 301 297 297 299 302 298 303 298  \
  291 304 307 293 299 300 
5058THR:  Int_t \
  603 592 564 540 610 607 569 579 582 603  \
  580 636 626 616 559 596 
5058MDS:  Int_t \
  2572 2596 2565 2566 2573 2580 2585 2576 2572 2576  \
  2589 2561 2567 2573 2583 2570 
5059CHS:  Int_t \
  472 472 473 473 474 474 475 475 476 476  \
  477 477 478 478 479 479 
5059PUT:  Int_t \
  297 299 298 298 297 298 296 301 301 299  \
  298 300 300 300 289 299 
5059THR:  Int_t \
  622 605 675 571 605 587 611 611 573 613  \
  644 634 617 659 622 602 
5059MDS:  Int_t \
  2575 2577 2592 2573 2577 2586 2596 2575 2571 2576  \
  2585 2602 2578 2586 2584 2579 
5060CHS:  Int_t \
  480 480 481 481 482 482 483 483 484 484  \
  485 485 486 486 487 487 
5060PUT:  Int_t \
  301 298 299 304 302 296 301 299 301 305  \
  299 300 291 304 293 297 
5060THR:  Int_t \
  634 636 542 608 662 572 576 640 534 632  \
  571 593 538 638 642 612 
5060MDS:  Int_t \
  2571 2599 2569 2577 2595 2570 2569 2581 2570 2579  \
  2579 2568 2582 2584 2566 2568 
5061CHS:  Int_t \
  488 488 489 489 490 490 491 491 492 492  \
  493 493 494 494 495 495 
5061PUT:  Int_t \
  298 294 301 300 294 300 303 303 300 302  \
  300 307 298 300 299 297 
5061THR:  Int_t \
  474 626 561 591 616 553 655 619 588 511  \
  591 519 622 650 639 545 
5061MDS:  Int_t \
  2594 2560 2586 2587 2587 2574 2579 2576 2568 2580  \
  2574 2597 2570 2584 2578 2580 
5062CHS:  Int_t \
  496 496 497 497 498 498 499 499 500 500  \
  501 501 502 502 503 503 
5062PUT:  Int_t \
  300 301 299 299 296 301 298 302 297 303  \
  300 304 304 307 304 296 
5062THR:  Int_t \
  680 616 616 640 573 609 603 560 598 572  \
  572 617 600 640 631 618 
5062MDS:  Int_t \
  2584 2593 2589 2570 2581 2568 2561 2569 2566 2583  \
  2576 2571 2574 2580 2587 2600 
5063CHS:  Int_t \
  504 504 505 505 506 506 507 507 508 508  \
  509 509 510 510 511 511 
5063PUT:  Int_t \
  297 300 297 299 301 298 300 297 298 309  \
  308 303 299 303 302 296 
5063THR:  Int_t \
  608 600 562 632 653 616 625 629 594 567  \
  540 669 569 602 637 640 
5063MDS:  Int_t \
  2570 2578 2590 2585 2581 2572 2572 2564 2590 2575  \
  2577 2586 2588 2571 2592 2565 
5064CHS:  Int_t \
  512 512 513 513 514 514 515 515 516 516  \
  517 517 518 518 519 519 
5064PUT:  Int_t \
  295 293 300 303 292 298 303 303 299 305  \
  299 297 307 301 300 301 
5064THR:  Int_t \
  535 582 591 616 588 612 593 657 639 645  \
  652 598 624 565 623 615 
5064MDS:  Int_t \
  2583 2576 2597 2566 2583 2588 2588 2572 2560 2565  \
  2548 2582 2574 2570 2569 2584 
5065CHS:  Int_t \
  520 520 521 521 522 522 523 523 524 524  \
  525 525 526 526 527 527 
5065PUT:  Int_t \
  294 298 300 301 303 304 300 304 305 299  \
  303 307 305 304 300 302 
5065THR:  Int_t \
  657 623 584 671 549 638 606 626 602 579  \
  605 594 567 632 618 599 
5065MDS:  Int_t \
  2591 2567 2594 2594 2580 2592 2564 2575 2570 2573  \
  2571 2573 2564 2585 2569 2587 
5066CHS:  Int_t \
  528 528 529 529 530 530 531 531 532 532  \
  533 533 534 534 535 535 
5066PUT:  Int_t \
  301 303 292 306 301 307 300 301 298 294  \
  302 297 295 299 302 310 
5066THR:  Int_t \
  611 587 680 645 618 591 673 585 565 673  \
  583 536 494 591 575 605 
5066MDS:  Int_t \
  2585 2580 2571 2574 2563 2586 2569 2575 2580 2580  \
  2576 2593 2582 2587 2575 2572 
5067CHS:  Int_t \
  536 536 537 537 538 538 539 539 540 540  \
  541 541 542 542 543 543 
5067PUT:  Int_t \
  302 296 303 305 301 307 305 304 301 298  \
  298 301 297 302 303 300 
5067THR:  Int_t \
  534 626 595 616 571 619 649 604 636 608  \
  584 558 615 611 532 615 
5067MDS:  Int_t \
  2606 2587 2580 2583 2576 2582 2566 2562 2582 2562  \
  2581 2584 2585 2588 2582 2572 
5068CHS:  Int_t \
  544 544 545 545 546 546 547 547 548 548  \
  549 549 550 550 551 551 
5068PUT:  Int_t \
  304 294 306 305 300 297 295 296 294 300  \
  302 303 298 305 300 292 
5068THR:  Int_t \
  608 634 605 610 614 608 554 554 576 615  \
  584 648 555 613 556 632 
5068MDS:  Int_t \
  2595 2571 2571 2589 2579 2578 2579 2572 2571 2587  \
  2580 2585 2592 2573 2584 2563 
5069CHS:  Int_t \
  552 552 553 553 554 554 555 555 556 556  \
  557 557 558 558 559 559 
5069PUT:  Int_t \
  313 305 298 295 303 309 300 304 305 299  \
  297 303 305 303 294 301 
5069THR:  Int_t \
  629 594 511 598 574 642 637 603 599 559  \
  649 608 617 598 559 641 
5069MDS:  Int_t \
  2586 2600 2584 2588 2570 2574 2595 2584 2584 2573  \
  2586 2584 2569 2577 2608 2582 
5070CHS:  Int_t \
  560 560 561 561 562 562 563 563 564 564  \
  565 565 566 566 567 567 
5070PUT:  Int_t \
  298 293 298 294 298 305 299 299 296 307  \
  298 299 303 299 297 301 
5070THR:  Int_t \
  559 610 617 583 599 617 662 599 642 667  \
  594 566 647 572 548 670 
5070MDS:  Int_t \
  2598 2585 2595 2582 2583 2585 2579 2572 2588 2570  \
  2591 2580 2570 2587 2591 2571 
5071CHS:  Int_t \
  568 568 569 569 570 570 571 571 572 572  \
  573 573 574 574 575 575 
5071PUT:  Int_t \
  300 298 303 297 295 302 302 300 307 300  \
  298 300 302 314 300 296 
5071THR:  Int_t \
  526 579 624 537 612 586 586 535 529 746  \
  703 586 529 550 613 569 
5071MDS:  Int_t \
  2575 2572 2597 2573 2589 2588 2568 2589 2569 2577  \
  2598 2576 2589 2583 2590 2570 
5072CHS:  Int_t \
  576 576 577 577 578 578 579 579 580 580  \
  581 581 582 582 583 583 
5072PUT:  Int_t \
  303 304 299 308 300 297 298 307 298 298  \
  310 296 301 293 302 289 
5072THR:  Int_t \
  573 589 610 518 592 594 622 600 612 617  \
  615 600 659 580 639 518 
5072MDS:  Int_t \
  2600 2571 2569 2603 2576 2571 2571 2581 2581 2585  \
  2571 2585 2590 2574 2575 2576 
5073CHS:  Int_t \
  584 584 585 585 586 586 587 587 588 588  \
  589 589 590 590 591 591 
5073PUT:  Int_t \
  297 300 301 302 305 300 292 302 295 302  \
  300 297 297 298 298 302 
5073THR:  Int_t \
  603 568 569 538 629 616 642 632 644 612  \
  650 590 652 575 623 616 
5073MDS:  Int_t \
  2579 2574 2599 2565 2590 2574 2585 2598 2590 2561  \
  2574 2572 2577 2575 2576 2580 
5074CHS:  Int_t \
  592 592 593 593 594 594 595 595 596 596  \
  597 597 598 598 599 599 
5074PUT:  Int_t \
  301 292 300 304 297 303 297 301 301 299  \
  300 296 302 302 301 299 
5074THR:  Int_t \
  532 543 626 612 618 585 561 624 598 561  \
  588 590 533 609 621 642 
5074MDS:  Int_t \
  2590 2590 2577 2579 2577 2579 2584 2565 2591 2574  \
  2585 2571 2585 2580 2576 2578 
5075CHS:  Int_t \
  600 600 601 601 602 602 603 603 604 604  \
  605 605 606 606 607 607 
5075PUT:  Int_t \
  300 295 304 297 300 304 304 303 307 302  \
  292 301 299 297 297 299 
5075THR:  Int_t \
  640 577 590 563 680 594 632 575 575 582  \
  584 636 601 572 623 578 
5075MDS:  Int_t \
  2594 2571 2590 2579 2585 2590 2579 2586 2577 2582  \
  2589 2576 2579 2584 2572 2577 
5076CHS:  Int_t \
  608 608 609 609 610 610 611 611 612 612  \
  613 613 614 614 615 615 
5076PUT:  Int_t \
  310 300 302 297 296 306 299 297 299 299  \
  298 302 301 299 299 304 
5076THR:  Int_t \
  634 580 510 560 608 562 578 541 621 644  \
  633 628 605 613 525 575 
5076MDS:  Int_t \
  2577 2571 2584 2576 2565 2571 2578 2580 2574 2573  \
  2598 2598 2584 2569 2589 2590 
5077CHS:  Int_t \
  616 616 617 617 618 618 619 619 620 620  \
  621 621 622 622 623 623 
5077PUT:  Int_t \
  302 299 297 298 301 300 298 300 294 296  \
  299 298 303 305 304 306 
5077THR:  Int_t \
  614 628 600 572 606 702 592 615 645 612  \
  637 532 593 589 604 684 
5077MDS:  Int_t \
  2573 2580 2588 2582 2586 2564 2583 2587 2571 2588  \
  2580 2596 2601 2576 2579 2599 
5078CHS:  Int_t \
  624 624 625 625 626 626 627 627 628 628  \
  629 629 630 630 631 631 
5078PUT:  Int_t \
  298 299 299 302 302 305 301 298 297 298  \
  302 309 302 306 307 302 
5078THR:  Int_t \
  587 623 625 519 654 553 594 551 694 523  \
  661 662 616 577 572 655 
5078MDS:  Int_t \
  2588 2587 2574 2582 2577 2572 2591 2588 2582 2578  \
  2565 2578 2583 2578 2560 2595 
5079CHS:  Int_t \
  632 632 633 633 634 634 635 635 636 636  \
  637 637 638 638 639 639 
5079PUT:  Int_t \
  297 306 295 296 300 305 296 305 301 298  \
  299 293 304 302 293 298 
5079THR:  Int_t \
  611 648 598 565 570 621 556 617 592 625  \
  555 579 586 598 584 615 
5079MDS:  Int_t \
  2574 2581 2576 2574 2577 2580 2593 2570 2580 2600  \
  2586 2584 2570 2586 2583 2583 
5080CHS:  Int_t \
  640 640 641 641 642 642 643 643 644 644  \
  645 645 646 646 647 647 
5080PUT:  Int_t \
  298 298 300 299 294 298 298 294 294 297  \
  299 298 307 299 301 299 
5080THR:  Int_t \
  626 542 570 680 638 605 517 636 591 585  \
  588 600 573 563 558 634 
5080MDS:  Int_t \
  2588 2585 2571 2585 2578 2575 2592 2576 2588 2592  \
  2569 2561 2577 2581 2583 2587 
5081CHS:  Int_t \
  648 648 649 649 650 650 651 651 652 652  \
  653 653 654 654 655 655 
5081PUT:  Int_t \
  298 302 297 302 298 300 299 303 306 311  \
  298 303 303 301 306 300 
5081THR:  Int_t \
  604 570 622 600 582 609 530 575 656 609  \
  620 603 570 584 604 595 
5081MDS:  Int_t \
  2581 2577 2606 2575 2572 2581 2576 2586 2581 2580  \
  2580 2590 2582 2586 2606 2579 
5082CHS:  Int_t \
  656 656 657 657 658 658 659 659 660 660  \
  661 661 662 662 663 663 
5082PUT:  Int_t \
  302 300 294 296 307 301 306 292 295 300  \
  303 299 296 298 298 303 
5082THR:  Int_t \
  561 523 549 584 689 586 556 595 589 647  \
  618 532 620 546 552 625 
5082MDS:  Int_t \
  2569 2564 2589 2569 2553 2594 2601 2579 2586 2596  \
  2586 2585 2576 2584 2600 2592 
5083CHS:  Int_t \
  664 664 665 665 666 666 667 667 668 668  \
  669 669 670 670 671 671 
5083PUT:  Int_t \
  296 296 298 303 294 301 305 297 307 292  \
  298 294 299 302 299 299 
5083THR:  Int_t \
  582 586 653 603 571 580 625 600 647 611  \
  627 487 539 597 583 600 
5083MDS:  Int_t \
  2579 2570 2577 2596 2585 2587 2573 2562 2595 2579  \
  2583 2573 2583 2582 2579 2577 
5084CHS:  Int_t \
  672 672 673 673 674 674 675 675 676 676  \
  677 677 678 678 679 679 
5084PUT:  Int_t \
  302 296 306 296 296 301 295 303 303 305  \
  303 298 293 303 302 301 
5084THR:  Int_t \
  608 627 519 611 682 612 661 593 606 535  \
  568 592 512 544 587 691 
5084MDS:  Int_t \
  2582 2575 2559 2579 2597 2580 2567 2583 2589 2572  \
  2574 2582 2582 2577 2555 2586 
5085CHS:  Int_t \
  680 680 681 681 682 682 683 683 684 684  \
  685 685 686 686 687 687 
5085PUT:  Int_t \
  303 297 304 296 299 303 300 307 299 299  \
  302 296 304 310 307 300 
5085THR:  Int_t \
  658 596 594 587 581 576 595 622 535 623  \
  584 583 554 619 653 645 
5085MDS:  Int_t \
  2588 2592 2574 2563 2584 2583 2585 2571 2591 2566  \
  2586 2585 2584 2568 2589 2597 
5086CHS:  Int_t \
  688 688 689 689 690 690 691 691 692 692  \
  693 693 694 694 695 695 
5086PUT:  Int_t \
  299 297 299 302 292 297 304 294 299 302  \
  298 298 298 304 296 293 
5086THR:  Int_t \
  635 574 601 594 617 599 681 616 586 652  \
  540 637 612 619 659 604 
5086MDS:  Int_t \
  2553 2572 2588 2577 2572 2561 2578 2575 2575 2575  \
  2573 2574 2591 2598 2564 2571 
5087CHS:  Int_t \
  696 696 697 697 698 698 699 699 700 700  \
  701 701 702 702 703 703 
5087PUT:  Int_t \
  297 299 301 304 296 301 299 302 308 303  \
  301 301 304 302 301 293 
5087THR:  Int_t \
  636 654 632 592 528 577 557 597 519 651  \
  600 583 690 570 606 607 
5087MDS:  Int_t \
  2578 2589 2589 2580 2578 2566 2597 2583 2572 2580  \
  2594 2588 2579 2575 2588 2552 
5088CHS:  Int_t \
  704 704 705 705 706 706 707 707 708 708  \
  709 709 710 710 711 711 
5088PUT:  Int_t \
  294 305 301 293 310 302 299 297 297 298  \
  302 295 293 300 300 302 
5088THR:  Int_t \
  581 595 631 607 636 587 594 571 612 575  \
  543 552 614 646 568 657 
5088MDS:  Int_t \
  2576 2570 2572 2582 2566 2568 2556 2587 2580 2574  \
  2586 2588 2578 2580 2582 2564 
5089CHS:  Int_t \
  712 712 713 713 714 714 715 715 716 716  \
  717 717 718 718 719 719 
5089PUT:  Int_t \
  295 296 301 295 299 303 308 297 297 296  \
  300 300 295 301 290 299 
5089THR:  Int_t \
  668 604 589 557 539 607 604 575 661 664  \
  619 580 622 605 604 609 
5089MDS:  Int_t \
  2571 2569 2578 2582 2580 2559 2589 2566 2578 2578  \
  2589 2595 2581 2566 2577 2561 
5090CHS:  Int_t \
  720 720 721 721 722 722 723 723 724 724  \
  725 725 726 726 727 727 
5090PUT:  Int_t \
  297 295 296 298 301 301 300 297 301 301  \
  294 297 300 292 306 302 
5090THR:  Int_t \
  553 617 629 613 608 655 618 652 604 592  \
  594 600 597 648 633 584 
5090MDS:  Int_t \
  2585 2564 2600 2579 2574 2588 2572 2556 2573 2585  \
  2571 2575 2568 2584 2587 2582 
5091CHS:  Int_t \
  728 728 729 729 730 730 731 731 732 732  \
  733 733 734 734 735 735 
5091PUT:  Int_t \
  297 296 295 291 303 301 294 296 303 303  \
  296 296 293 296 304 297 
5091THR:  Int_t \
  594 636 619 676 655 631 606 573 532 685  \
  583 609 511 570 630 643 
5091MDS:  Int_t \
  2589 2584 2589 2580 2595 2593 2575 2583 2568 2586  \
  2588 2583 2584 2584 2573 2578 
5092CHS:  Int_t \
  736 736 737 737 738 738 739 739 740 740  \
  741 741 742 742 743 743 
5092PUT:  Int_t \
  303 301 303 295 302 297 293 292 295 304  \
  303 305 297 302 298 296 
5092THR:  Int_t \
  548 588 595 628 656 603 584 579 554 609  \
  656 555 628 518 583 631 
5092MDS:  Int_t \
  2559 2584 2567 2589 2596 2566 2575 2572 2580 2578  \
  2589 2572 2575 2569 2556 2596 
5093CHS:  Int_t \
  744 744 745 745 746 746 747 747 748 748  \
  749 749 750 750 751 751 
5093PUT:  Int_t \
  295 304 297 301 295 294 298 298 298 294  \
  305 296 299 291 301 301 
5093THR:  Int_t \
  579 663 634 577 628 601 555 579 621 586  \
  649 658 635 591 594 578 
5093MDS:  Int_t \
  2584 2581 2576 2582 2581 2602 2559 2578 2592 2588  \
  2569 2579 2579 2594 2572 2592 
5094CHS:  Int_t \
  752 752 753 753 754 754 755 755 756 756  \
  757 757 758 758 759 759 
5094PUT:  Int_t \
  298 298 295 299 308 297 303 300 303 302  \
  301 301 296 299 302 304 
5094THR:  Int_t \
  614 572 603 639 624 627 648 642 637 643  \
  666 627 571 575 617 581 
5094MDS:  Int_t \
  2583 2564 2570 2570 2588 2584 2589 2585 2602 2577  \
  2574 2579 2582 2582 2587 2586 
5095CHS:  Int_t \
  760 760 761 761 762 762 763 763 764 764  \
  765 765 766 766 767 767 
5095PUT:  Int_t \
  302 297 290 300 297 301 302 308 303 298  \
  299 302 300 293 296 306 
5095THR:  Int_t \
  577 595 574 692 640 511 656 639 579 535  \
  603 624 495 629 589 572 
5095MDS:  Int_t \
  2581 2565 2564 2595 2583 2589 2572 2563 2572 2589  \
  2587 2576 2580 2587 2565 2588 
5096CHS:  Int_t \
  768 768 769 769 770 770 771 771 772 772  \
  773 773 774 774 775 775 
5096PUT:  Int_t \
  305 301 296 305 296 295 292 299 295 298  \
  299 295 306 293 297 303 
5096THR:  Int_t \
  606 580 600 552 581 584 592 630 625 550  \
  553 620 632 635 616 570 
5096MDS:  Int_t \
  2580 2576 2572 2568 2575 2575 2582 2576 2583 2574  \
  2587 2561 2578 2582 2586 2594 
5097CHS:  Int_t \
  776 776 777 777 778 778 779 779 780 780  \
  781 781 782 782 783 783 
5097PUT:  Int_t \
  295 303 294 304 304 296 299 306 300 306  \
  309 299 301 302 303 300 
5097THR:  Int_t \
  602 603 668 601 638 563 615 612 657 630  \
  579 586 597 563 618 575 
5097MDS:  Int_t \
  2575 2602 2579 2575 2595 2572 2591 2580 2596 2555  \
  2571 2565 2585 2570 2571 2602 
5098CHS:  Int_t \
  784 784 785 785 786 786 787 787 788 788  \
  789 789 790 790 791 791 
5098PUT:  Int_t \
  298 293 296 300 300 298 303 294 298 298  \
  293 296 306 300 300 300 
5098THR:  Int_t \
  595 571 613 633 602 722 559 612 664 606  \
  631 535 623 542 566 551 
5098MDS:  Int_t \
  2580 2578 2574 2571 2572 2566 2584 2583 2580 2575  \
  2586 2584 2573 2566 2569 2577 
5099CHS:  Int_t \
  792 792 793 793 794 794 795 795 796 796  \
  797 797 798 798 799 799 
5099PUT:  Int_t \
  293 310 301 303 305 293 300 298 298 299  \
  300 292 296 298 304 296 
5099THR:  Int_t \
  617 604 532 566 586 628 570 557 583 563  \
  620 617 639 621 589 585 
5099MDS:  Int_t \
  2573 2594 2587 2586 2584 2574 2580 2568 2582 2576  \
  2563 2594 2587 2569 2577 2575 
5100CHS:  Int_t \
  800 800 801 801 802 802 803 803 804 804  \
  805 805 806 806 807 807 
5100PUT:  Int_t \
  303 298 303 301 298 295 307 309 304 294  \
  298 296 297 299 299 299 
5100THR:  Int_t \
  608 630 569 682 590 582 546 630 568 647  \
  588 496 616 605 588 561 
5100MDS:  Int_t \
  2593 2574 2586 2586 2594 2572 2579 2591 2579 2579  \
  2591 2572 2596 2568 2560 2572 
5101CHS:  Int_t \
  808 808 809 809 810 810 811 811 812 812  \
  813 813 814 814 815 815 
5101PUT:  Int_t \
  298 302 298 298 296 296 300 298 300 304  \
  302 303 296 299 296 303 
5101THR:  Int_t \
  557 635 632 568 596 607 659 648 553 630  \
  560 532 659 646 583 606 
5101MDS:  Int_t \
  2583 2588 2576 2585 2589 2596 2594 2590 2591 2603  \
  2584 2567 2600 2571 2576 2560 
5102CHS:  Int_t \
  816 816 817 817 818 818 819 819 820 820  \
  821 821 822 822 823 823 
5102PUT:  Int_t \
  304 296 297 302 306 297 303 304 299 297  \
  301 293 313 302 301 305 
5102THR:  Int_t \
  623 574 603 541 609 633 598 608 685 616  \
  583 575 611 618 594 583 
5102MDS:  Int_t \
  2565 2579 2560 2588 2567 2569 2583 2578 2578 2576  \
  2578 2592 2565 2589 2586 2567 
5103CHS:  Int_t \
  824 824 825 825 826 826 827 827 828 828  \
  829 829 830 830 831 831 
5103PUT:  Int_t \
  297 308 294 300 293 294 301 300 300 293  \
  306 300 295 295 296 304 
5103THR:  Int_t \
  562 521 576 613 583 614 566 628 599 562  \
  618 615 565 528 592 626 
5103MDS:  Int_t \
  2591 2579 2567 2584 2577 2561 2574 2588 2600 2581  \
  2584 2585 2585 2576 2583 2582 
5104CHS:  Int_t \
  832 832 833 833 834 834 835 835 836 836  \
  837 837 838 838 839 839 
5104PUT:  Int_t \
  295 304 295 296 299 301 304 300 311 298  \
  299 300 303 301 309 304 
5104THR:  Int_t \
  551 575 532 579 637 608 606 543 599 664  \
  616 594 672 632 630 566 
5104MDS:  Int_t \
  2562 2577 2570 2583 2594 2581 2574 2558 2593 2573  \
  2587 2573 2588 2586 2590 2580 
5105CHS:  Int_t \
  840 840 841 841 842 842 843 843 844 844  \
  845 845 846 846 847 847 
5105PUT:  Int_t \
  303 301 301 299 301 302 308 304 296 305  \
  299 300 302 304 303 302 
5105THR:  Int_t \
  573 588 693 556 635 608 660 623 544 587  \
  497 635 646 586 563 617 
5105MDS:  Int_t \
  2568 2588 2592 2568 2574 2580 2572 2580 2586 2583  \
  2593 2582 2588 2580 2575 2583 
5106CHS:  Int_t \
  848 848 849 849 850 850 851 851 852 852  \
  853 853 854 854 855 855 
5106PUT:  Int_t \
  296 301 301 303 301 299 298 301 308 306  \
  291 296 301 296 296 293 
5106THR:  Int_t \
  586 702 547 568 678 588 566 540 574 511  \
  608 646 639 588 543 516 
5106MDS:  Int_t \
  2589 2571 2572 2578 2584 2580 2563 2591 2590 2585  \
  2583 2573 2575 2564 2597 2584 
5107CHS:  Int_t \
  856 856 857 857 858 858 859 859 860 860  \
  861 861 862 862 863 863 
5107PUT:  Int_t \
  299 305 294 298 303 300 300 298 304 301  \
  300 299 295 305 297 300 
5107THR:  Int_t \
  589 634 577 600 613 576 617 569 578 640  \
  528 539 647 544 562 579 
5107MDS:  Int_t \
  2598 2594 2577 2581 2583 2575 2591 2590 2598 2579  \
  2555 2580 2583 2568 2578 2571 
5108CHS:  Int_t \
  864 864 865 865 866 866 867 867 868 868  \
  869 869 870 870 871 871 
5108PUT:  Int_t \
  298 295 304 297 299 294 300 301 302 299  \
  293 296 301 300 293 295 
5108THR:  Int_t \
  530 593 585 597 620 649 598 569 570 641  \
  567 674 614 563 608 516 
5108MDS:  Int_t \
  2569 2578 2578 2590 2596 2558 2584 2581 2573 2577  \
  2594 2574 2603 2572 2567 2583 
5109CHS:  Int_t \
  872 872 873 873 874 874 875 875 876 876  \
  877 877 878 878 879 879 
5109PUT:  Int_t \
  302 301 299 299 306 299 297 300 301 303  \
  306 291 295 306 298 298 
5109THR:  Int_t \
  601 611 583 590 546 571 593 610 568 548  \
  585 603 568 595 558 649 
5109MDS:  Int_t \
  2581 2596 2578 2572 2582 2568 2582 2592 2586 2584  \
  2558 2599 2578 2590 2565 2557 
5110CHS:  Int_t \
  880 880 881 881 882 882 883 883 884 884  \
  885 885 886 886 887 887 
5110PUT:  Int_t \
  300 298 304 299 300 293 293 299 298 300  \
  301 300 300 297 297 307 
5110THR:  Int_t \
  563 539 595 641 621 594 627 511 611 689  \
  583 523 585 652 598 560 
5110MDS:  Int_t \
  2601 2582 2550 2589 2585 2587 2593 2577 2586 2568  \
  2567 2583 2588 2591 2577 2571 
5111CHS:  Int_t \
  888 888 889 889 890 890 891 891 892 892  \
  893 893 894 894 895 895 
5111PUT:  Int_t \
  301 306 298 297 302 302 297 295 298 305  \
  306 299 298 299 299 294 
5111THR:  Int_t \
  596 639 512 604 644 573 579 663 552 596  \
  631 581 569 604 570 610 
5111MDS:  Int_t \
  2562 2576 2577 2587 2562 2566 2592 2583 2609 2588  \
  2562 2584 2588 2576 2570 2583 
5112CHS:  Int_t \
  896 896 897 897 898 898 899 899 900 900  \
  901 901 902 902 903 903 
5112PUT:  Int_t \
  299 298 296 295 297 303 302 295 297 304  \
  301 308 302 304 298 297 
5112THR:  Int_t \
  640 621 673 510 582 613 516 548 553 567  \
  613 594 577 604 637 553 
5112MDS:  Int_t \
  2578 2575 2582 2577 2577 2573 2588 2578 2566 2570  \
  2576 2583 2564 2582 2588 2554 
5113CHS:  Int_t \
  904 904 905 905 906 906 907 907 908 908  \
  909 909 910 910 911 911 
5113PUT:  Int_t \
  305 297 308 302 299 295 301 300 292 307  \
  299 297 294 303 307 301 
5113THR:  Int_t \
  587 599 642 608 605 601 607 516 594 568  \
  624 650 563 594 581 554 
5113MDS:  Int_t \
  2558 2578 2593 2587 2592 2570 2587 2582 2576 2581  \
  2592 2585 2572 2585 2567 2582 
5114CHS:  Int_t \
  912 912 913 913 914 914 915 915 916 916  \
  917 917 918 918 919 919 
5114PUT:  Int_t \
  304 298 293 303 300 302 311 298 300 294  \
  303 305 303 299 299 294 
5114THR:  Int_t \
  595 563 627 606 587 624 520 569 623 636  \
  650 597 608 629 565 611 
5114MDS:  Int_t \
  2585 2577 2584 2578 2598 2578 2594 2572 2568 2573  \
  2571 2566 2569 2573 2586 2588 
5115CHS:  Int_t \
  920 920 921 921 922 922 923 923 924 924  \
  925 925 926 926 927 927 
5115PUT:  Int_t \
  299 305 306 301 298 305 298 296 296 299  \
  300 302 307 303 304 297 
5115THR:  Int_t \
  607 577 559 607 612 597 585 591 649 706  \
  601 560 598 540 566 601 
5115MDS:  Int_t \
  2592 2581 2596 2562 2586 2594 2584 2578 2569 2591  \
  2589 2569 2578 2599 2560 2575 
5116CHS:  Int_t \
  928 928 929 929 930 930 931 931 932 932  \
  933 933 934 934 935 935 
5116PUT:  Int_t \
  294 299 300 304 302 298 297 301 300 303  \
  299 305 299 303 299 304 
5116THR:  Int_t \
  571 620 632 601 597 560 526 604 578 555  \
  620 595 620 502 522 640 
5116MDS:  Int_t \
  2574 2569 2561 2583 2565 2584 2568 2577 2587 2569  \
  2576 2586 2563 2620 2582 2580 
5117CHS:  Int_t \
  936 936 937 937 938 938 939 939 940 940  \
  941 941 942 942 943 943 
5117PUT:  Int_t \
  295 304 299 297 300 301 302 303 304 299  \
  297 309 297 300 303 302 
5117THR:  Int_t \
  566 561 581 517 504 699 540 624 577 609  \
  629 579 629 616 571 605 
5117MDS:  Int_t \
  2563 2578 2587 2564 2605 2573 2576 2579 2571 2578  \
  2574 2577 2571 2581 2605 2575 
5118CHS:  Int_t \
  944 944 945 945 946 946 947 947 948 948  \
  949 949 950 950 951 951 
5118PUT:  Int_t \
  303 303 298 296 297 298 302 297 294 292  \
  308 296 302 295 295 300 
5118THR:  Int_t \
  602 589 593 627 605 610 675 645 664 593  \
  618 631 626 570 566 612 
5118MDS:  Int_t \
  2569 2572 2566 2582 2577 2583 2595 2580 2583 2576  \
  2590 2570 2561 2573 2566 2566 
5119CHS:  Int_t \
  952 952 953 953 954 954 955 955 956 956  \
  957 957 958 958 959 959 
5119PUT:  Int_t \
  298 297 295 301 299 300 297 302 303 301  \
  301 291 301 293 300 297 
5119THR:  Int_t \
  538 617 635 587 583 633 583 634 599 621  \
  609 597 610 595 591 587 
5119MDS:  Int_t \
  2570 2584 2590 2601 2563 2577 2582 2587 2588 2571  \
  2575 2585 2578 2567 2565 2568 
5120CHS:  Int_t \
  960 960 961 961 962 962 963 963 964 964  \
  965 965 966 966 967 967 
5120PUT:  Int_t \
  298 297 299 293 297 307 299 306 306 302  \
  298 293 295 303 295 299 
5120THR:  Int_t \
  617 598 614 620 503 564 652 578 544 604  \
  613 571 603 583 552 523 
5120MDS:  Int_t \
  2574 2579 2575 2586 2584 2571 2567 2589 2575 2591  \
  2573 2573 2575 2581 2589 2554 
5121CHS:  Int_t \
  968 968 969 969 970 970 971 971 972 972  \
  973 973 974 974 975 975 
5121PUT:  Int_t \
  301 301 303 307 306 298 297 298 301 310  \
  300 296 301 297 303 298 
5121THR:  Int_t \
  581 651 578 631 604 612 610 578 608 618  \
  587 623 495 596 642 612 
5121MDS:  Int_t \
  2581 2592 2583 2565 2595 2580 2573 2574 2587 2588  \
  2586 2575 2582 2582 2571 2591 
5122CHS:  Int_t \
  976 976 977 977 978 978 979 979 980 980  \
  981 981 982 982 983 983 
5122PUT:  Int_t \
  305 293 304 299 300 299 306 303 301 302  \
  306 298 307 310 302 293 
5122THR:  Int_t \
  568 572 603 518 601 546 584 704 626 717  \
  521 519 595 619 592 550 
5122MDS:  Int_t \
  2588 2592 2572 2577 2580 2587 2593 2579 2589 2590  \
  2588 2577 2567 2569 2577 2571 
5123CHS:  Int_t \
  984 984 985 985 986 986 987 987 988 988  \
  989 989 990 990 991 991 
5123PUT:  Int_t \
  302 301 304 295 296 301 296 301 298 308  \
  298 293 302 302 293 296 
5123THR:  Int_t \
  614 580 585 640 631 569 738 565 667 543  \
  544 627 624 589 648 600 
5123MDS:  Int_t \
  2576 2574 2573 2567 2576 2590 2584 2580 2578 2573  \
  2584 2567 2592 2588 2573 2582 
5124CHS:  Int_t \
  992 992 993 993 994 994 995 995 996 996  \
  997 997 998 998 999 999 
5124PUT:  Int_t \
  293 309 304 299 302 302 300 299 298 295  \
  298 303 307 303 302 296 
5124THR:  Int_t \
  647 612 600 621 564 628 621 640 612 591  \
  569 644 642 563 600 657 
5124MDS:  Int_t \
  2574 2579 2563 2562 2572 2569 2572 2566 2578 2578  \
  2571 2580 2571 2582 2583 2574 
5125CHS:  Int_t \
  1000 1000 1001 1001 1002 1002 1003 1003 1004 1004  \
  1005 1005 1006 1006 1007 1007 
5125PUT:  Int_t \
  300 301 299 303 300 298 299 291 300 295  \
  295 299 299 303 301 299 
5125THR:  Int_t \
  622 610 648 583 642 586 572 662 695 617  \
  618 634 598 616 585 610 
5125MDS:  Int_t \
  2586 2566 2579 2586 2570 2576 2587 2581 2587 2598  \
  2584 2573 2575 2586 2591 2597 
5126CHS:  Int_t \
  1008 1008 1009 1009 1010 1010 1011 1011 1012 1012  \
  1013 1013 1014 1014 1015 1015 
5126PUT:  Int_t \
  303 302 302 301 301 300 296 300 302 297  \
  305 303 299 292 295 302 
5126THR:  Int_t \
  670 578 570 602 625 647 583 581 591 614  \
  563 637 512 603 623 575 
5126MDS:  Int_t \
  2570 2583 2564 2577 2580 2581 2585 2583 2584 2573  \
  2588 2581 2586 2573 2584 2586 
5127CHS:  Int_t \
  1016 1016 1017 1017 1018 1018 1019 1019 1020 1020  \
  1021 1021 1022 1022 1023 1023 
5127PUT:  Int_t \
  307 300 297 298 300 300 302 304 301 296  \
  300 303 296 293 304 305 
5127THR:  Int_t \
  640 646 537 611 648 647 566 599 574 594  \
  535 518 548 602 627 608 
5127MDS:  Int_t \
  2595 2593 2581 2573 2578 2577 2569 2584 2583 2564  \
  2579 2580 2570 2580 2576 2582 
5128CHS:  Int_t \
  1024 1024 1025 1025 1026 1026 1027 1027 1028 1028  \
  1029 1029 1030 1030 1031 1031 
5128PUT:  Int_t \
  294 301 294 304 300 298 295 295 294 296  \
  296 299 296 303 306 305 
5128THR:  Int_t \
  612 626 592 662 629 590 640 598 567 574  \
  517 629 578 634 549 568 
5128MDS:  Int_t \
  2578 2566 2571 2588 2564 2595 2578 2586 2594 2557  \
  2587 2604 2586 2558 2569 2574 
5129CHS:  Int_t \
  1032 1032 1033 1033 1034 1034 1035 1035 1036 1036  \
  1037 1037 1038 1038 1039 1039 
5129PUT:  Int_t \
  300 308 293 301 298 291 294 303 297 295  \
  301 301 297 303 305 304 
5129THR:  Int_t \
  680 616 566 574 550 624 625 544 606 587  \
  614 592 588 599 569 649 
5129MDS:  Int_t \
  2573 2571 2570 2580 2592 2586 2590 2585 2569 2576  \
  2577 2575 2568 2567 2574 2560 
5130CHS:  Int_t \
  1040 1040 1041 1041 1042 1042 1043 1043 1044 1044  \
  1045 1045 1046 1046 1047 1047 
5130PUT:  Int_t \
  294 305 298 303 302 308 300 298 297 299  \
  304 299 297 296 309 303 
5130THR:  Int_t \
  591 651 561 580 590 606 635 499 624 585  \
  573 627 615 681 539 635 
5130MDS:  Int_t \
  2582 2567 2582 2586 2579 2587 2559 2584 2575 2564  \
  2575 2576 2585 2566 2589 2599 
5131CHS:  Int_t \
  1048 1048 1049 1049 1050 1050 1051 1051 1052 1052  \
  1053 1053 1054 1054 1055 1055 
5131PUT:  Int_t \
  301 299 302 304 302 302 302 297 299 297  \
  293 294 301 298 295 300 
5131THR:  Int_t \
  638 584 600 593 575 602 617 650 612 618  \
  694 603 655 714 525 576 
5131MDS:  Int_t \
  2555 2585 2575 2573 2586 2588 2581 2567 2572 2582  \
  2594 2588 2566 2575 2591 2600 
5132CHS:  Int_t \
  1056 1056 1057 1057 1058 1058 1059 1059 1060 1060  \
  1061 1061 1062 1062 1063 1063 
5132PUT:  Int_t \
  298 302 296 306 306 295 305 306 298 299  \
  298 304 310 301 297 301 
5132THR:  Int_t \
  579 596 638 601 586 568 526 573 673 536  \
  579 640 537 636 585 518 
5132MDS:  Int_t \
  2581 2572 2575 2583 2569 2591 2587 2587 2574 2583  \
  2580 2582 2576 2593 2578 2599 
5133CHS:  Int_t \
  1064 1064 1065 1065 1066 1066 1067 1067 1068 1068  \
  1069 1069 1070 1070 1071 1071 
5133PUT:  Int_t \
  297 298 294 300 293 297 304 293 299 298  \
  297 295 301 302 304 298 
5133THR:  Int_t \
  586 659 533 464 626 534 647 542 632 632  \
  502 580 600 632 664 619 
5133MDS:  Int_t \
  2573 2585 2559 2565 2574 2589 2588 2585 2580 2569  \
  2585 2579 2569 2588 2582 2582 
5134CHS:  Int_t \
  1072 1072 1073 1073 1074 1074 1075 1075 1076 1076  \
  1077 1077 1078 1078 1079 1079 
5134PUT:  Int_t \
  299 297 300 292 299 303 305 303 303 298  \
  301 298 304 299 296 291 
5134THR:  Int_t \
  578 589 618 583 590 544 640 578 607 593  \
  585 554 545 613 596 599 
5134MDS:  Int_t \
  2578 2579 2579 2575 2572 2577 2586 2574 2577 2581  \
  2560 2583 2583 2599 2572 2594 
5135CHS:  Int_t \
  1080 1080 1081 1081 1082 1082 1083 1083 1084 1084  \
  1085 1085 1086 1086 1087 1087 
5135PUT:  Int_t \
  299 300 301 298 298 308 298 303 298 299  \
  297 300 298 301 306 296 
5135THR:  Int_t \
  597 573 655 631 669 574 639 592 634 612  \
  614 570 614 563 540 603 
5135MDS:  Int_t \
  2576 2600 2569 2591 2591 2585 2573 2595 2584 2575  \
  2574 2565 2568 2593 2570 2578 
5136CHS:  Int_t \
  1088 1088 1089 1089 1090 1090 1091 1091 1092 1092  \
  1093 1093 1094 1094 1095 1095 
5136PUT:  Int_t \
  294 291 303 296 300 298 296 298 304 295  \
  302 297 295 292 303 299 
5136THR:  Int_t \
  609 649 586 558 599 495 525 592 614 566  \
  592 572 563 670 562 528 
5136MDS:  Int_t \
  2581 2572 2580 2566 2610 2582 2577 2579 2580 2581  \
  2592 2586 2592 2592 2574 2571 
5137CHS:  Int_t \
  1096 1096 1097 1097 1098 1098 1099 1099 1100 1100  \
  1101 1101 1102 1102 1103 1103 
5137PUT:  Int_t \
  300 304 302 289 298 301 297 299 301 304  \
  305 294 291 298 295 298 
5137THR:  Int_t \
  626 561 532 572 658 632 622 593 696 606  \
  643 529 615 578 555 582 
5137MDS:  Int_t \
  2578 2562 2566 2570 2594 2574 2573 2579 2581 2568  \
  2577 2560 2588 2595 2583 2583 
5138CHS:  Int_t \
  1104 1104 1105 1105 1106 1106 1107 1107 1108 1108  \
  1109 1109 1110 1110 1111 1111 
5138PUT:  Int_t \
  301 295 301 310 296 302 299 298 300 304  \
  295 296 303 294 302 308 
5138THR:  Int_t \
  628 596 576 592 560 549 587 511 613 635  \
  648 600 609 542 591 622 
5138MDS:  Int_t \
  2592 2565 2576 2573 2569 2567 2571 2571 2588 2590  \
  2572 2587 2575 2576 2583 2574 
5139CHS:  Int_t \
  1112 1112 1113 1113 1114 1114 1115 1115 1116 1116  \
  1117 1117 1118 1118 1119 1119 
5139PUT:  Int_t \
  303 296 304 298 299 299 293 305 304 298  \
  300 300 300 302 299 302 
5139THR:  Int_t \
  630 642 629 596 576 580 608 671 624 566  \
  612 541 640 646 641 634 
5139MDS:  Int_t \
  2580 2558 2559 2574 2599 2574 2567 2570 2578 2584  \
  2589 2609 2582 2579 2574 2555 
5140CHS:  Int_t \
  1120 1120 1121 1121 1122 1122 1123 1123 1124 1124  \
  1125 1125 1126 1126 1127 1127 
5140PUT:  Int_t \
  298 298 300 297 304 297 301 309 298 305  \
  302 306 301 303 303 302 
5140THR:  Int_t \
  619 606 544 594 613 602 570 637 560 558  \
  580 595 563 696 551 617 
5140MDS:  Int_t \
  2594 2568 2570 2572 2601 2571 2588 2581 2573 2580  \
  2592 2581 2580 2563 2594 2590 
5141CHS:  Int_t \
  1128 1128 1129 1129 1130 1130 1131 1131 1132 1132  \
  1133 1133 1134 1134 1135 1135 
5141PUT:  Int_t \
  302 298 301 293 291 296 295 304 303 296  \
  299 303 299 304 296 298 
5141THR:  Int_t \
  538 621 566 620 603 585 572 569 602 570  \
  588 661 593 589 580 596 
5141MDS:  Int_t \
  2601 2583 2579 2567 2560 2557 2599 2571 2590 2571  \
  2581 2573 2585 2568 2579 2560 
5142CHS:  Int_t \
  1136 1136 1137 1137 1138 1138 1139 1139 1140 1140  \
  1141 1141 1142 1142 1143 1143 
5142PUT:  Int_t \
  293 296 292 303 306 298 296 300 299 305  \
  294 304 299 304 299 301 
5142THR:  Int_t \
  515 568 547 492 635 575 575 527 620 600  \
  551 576 567 565 600 646 
5142MDS:  Int_t \
  2567 2572 2588 2565 2587 2575 2589 2561 2580 2566  \
  2579 2569 2582 2579 2582 2576 
5143CHS:  Int_t \
  1144 1144 1145 1145 1146 1146 1147 1147 1148 1148  \
  1149 1149 1150 1150 1151 1151 
5143PUT:  Int_t \
  301 302 300 301 303 301 299 296 301 304  \
  297 294 302 301 304 299 
5143THR:  Int_t \
  570 633 551 605 583 581 632 644 599 580  \
  598 560 674 562 712 598 
5143MDS:  Int_t \
  2588 2583 2573 2586 2592 2577 2570 2573 2583 2569  \
  2597 2576 2565 2580 2595 2605 
5144CHS:  Int_t \
  1152 1152 1153 1153 1154 1154 1155 1155 1156 1156  \
  1157 1157 1158 1158 1159 1159 
5144PUT:  Int_t \
  298 295 301 294 303 299 303 305 297 301  \
  302 297 298 298 303 296 
5144THR:  Int_t \
  564 581 628 646 536 577 649 534 630 582  \
  620 649 622 615 556 589 
5144MDS:  Int_t \
  2584 2564 2571 2574 2575 2587 2582 2586 2575 2576  \
  2581 2588 2577 2572 2573 2588 
5145CHS:  Int_t \
  1160 1160 1161 1161 1162 1162 1163 1163 1164 1164  \
  1165 1165 1166 1166 1167 1167 
5145PUT:  Int_t \
  296 293 301 292 294 295 298 298 292 304  \
  296 302 296 296 302 297 
5145THR:  Int_t \
  584 632 544 591 633 649 612 593 615 548  \
  603 644 640 664 608 579 
5145MDS:  Int_t \
  2573 2574 2585 2577 2592 2562 2586 2579 2575 2579  \
  2571 2578 2583 2573 2571 2574 
5146CHS:  Int_t \
  1168 1168 1169 1169 1170 1170 1171 1171 1172 1172  \
  1173 1173 1174 1174 1175 1175 
5146PUT:  Int_t \
  296 296 298 293 305 306 305 303 303 304  \
  299 291 304 302 301 300 
5146THR:  Int_t \
  603 602 594 599 609 596 612 595 624 586  \
  550 534 606 582 593 593 
5146MDS:  Int_t \
  2585 2580 2565 2581 2580 2582 2587 2574 2576 2578  \
  2579 2593 2577 2583 2584 2572 
5147CHS:  Int_t \
  1176 1176 1177 1177 1178 1178 1179 1179 1180 1180  \
  1181 1181 1182 1182 1183 1183 
5147PUT:  Int_t \
  301 308 300 302 306 299 301 298 303 302  \
  298 301 293 293 303 300 
5147THR:  Int_t \
  623 578 540 565 615 657 536 606 623 649  \
  515 640 635 548 573 557 
5147MDS:  Int_t \
  2578 2585 2594 2572 2583 2594 2578 2575 2574 2571  \
  2576 2580 2558 2583 2562 2575 
5148CHS:  Int_t \
  1184 1184 1185 1185 1186 1186 1187 1187 1188 1188  \
  1189 1189 1190 1190 1191 1191 
5148PUT:  Int_t \
  295 295 300 290 293 297 302 297 303 295  \
  291 297 296 297 301 299 
5148THR:  Int_t \
  624 620 688 573 551 626 607 570 578 649  \
  602 639 584 669 710 531 
5148MDS:  Int_t \
  2600 2569 2597 2577 2571 2572 2573 2581 2582 2586  \
  2596 2570 2578 2583 2578 2600 
5149CHS:  Int_t \
  1192 1192 1193 1193 1194 1194 1195 1195 1196 1196  \
  1197 1197 1198 1198 1199 1199 
5149PUT:  Int_t \
  297 299 294 292 297 299 302 301 293 303  \
  298 292 299 294 296 301 
5149THR:  Int_t \
  582 567 630 634 587 596 559 530 596 604  \
  668 616 696 601 584 572 
5149MDS:  Int_t \
  2575 2591 2584 2581 2582 2603 2575 2580 2592 2557  \
  2587 2590 2577 2577 2581 2589 
5150CHS:  Int_t \
  1200 1200 1201 1201 1202 1202 1203 1203 1204 1204  \
  1205 1205 1206 1206 1207 1207 
5150PUT:  Int_t \
  298 303 295 304 304 297 306 301 301 300  \
  297 306 302 293 295 301 
5150THR:  Int_t \
  550 596 600 606 626 602 631 655 597 632  \
  584 667 619 617 591 611 
5150MDS:  Int_t \
  2578 2591 2587 2576 2579 2593 2574 2591 2572 2567  \
  2585 2590 2572 2579 2604 2563 
5151CHS:  Int_t \
  1208 1208 1209 1209 1210 1210 1211 1211 1212 1212  \
  1213 1213 1214 1214 1215 1215 
5151PUT:  Int_t \
  298 304 297 303 299 302 296 296 297 297  \
  297 296 301 299 296 296 
5151THR:  Int_t \
  628 589 572 536 559 610 675 512 612 527  \
  610 571 570 617 590 589 
5151MDS:  Int_t \
  2561 2575 2563 2564 2587 2587 2579 2570 2597 2583  \
  2584 2590 2590 2592 2585 2592 
5152CHS:  Int_t \
  1216 1216 1217 1217 1218 1218 1219 1219 1220 1220  \
  1221 1221 1222 1222 1223 1223 
5152PUT:  Int_t \
  300 296 302 297 294 302 304 299 297 302  \
  298 297 297 298 297 303 
5152THR:  Int_t \
  559 640 558 618 574 599 551 635 606 604  \
  656 628 572 628 577 684 
5152MDS:  Int_t \
  2596 2577 2560 2568 2574 2573 2581 2578 2561 2574  \
  2589 2576 2599 2584 2582 2573 
5153CHS:  Int_t \
  1224 1224 1225 1225 1226 1226 1227 1227 1228 1228  \
  1229 1229 1230 1230 1231 1231 
5153PUT:  Int_t \
  300 303 295 302 302 300 294 299 301 296  \
  303 298 294 301 299 298 
5153THR:  Int_t \
  585 633 555 571 663 587 620 594 572 641  \
  552 564 631 600 658 595 
5153MDS:  Int_t \
  2578 2567 2578 2570 2593 2566 2571 2580 2583 2590  \
  2592 2572 2551 2567 2586 2576 
5154CHS:  Int_t \
  1232 1232 1233 1233 1234 1234 1235 1235 1236 1236  \
  1237 1237 1238 1238 1239 1239 
5154PUT:  Int_t \
  297 299 295 301 301 291 301 301 301 303  \
  297 305 300 298 295 306 
5154THR:  Int_t \
  613 632 606 603 668 621 489 631 595 635  \
  546 615 603 592 585 563 
5154MDS:  Int_t \
  2579 2588 2584 2581 2573 2594 2581 2571 2581 2564  \
  2558 2580 2571 2573 2595 2586 
5155CHS:  Int_t \
  1240 1240 1241 1241 1242 1242 1243 1243 1244 1244  \
  1245 1245 1246 1246 1247 1247 
5155PUT:  Int_t \
  303 301 301 297 305 302 301 300 303 298  \
  302 296 301 298 298 302 
5155THR:  Int_t \
  625 564 618 548 574 651 680 595 603 662  \
  645 683 600 642 551 615 
5155MDS:  Int_t \
  2571 2581 2575 2584 2575 2586 2567 2559 2574 2571  \
  2591 2593 2568 2592 2575 2580 
5156CHS:  Int_t \
  1248 1248 1249 1249 1250 1250 1251 1251 1252 1252  \
  1253 1253 1254 1254 1255 1255 
5156PUT:  Int_t \
  302 298 294 295 298 297 301 299 293 298  \
  295 305 298 301 298 299 
5156THR:  Int_t \
  582 649 656 642 563 573 655 624 611 629  \
  549 563 637 622 570 618 
5156MDS:  Int_t \
  2573 2597 2582 2582 2580 2580 2587 2589 2561 2570  \
  2578 2565 2573 2592 2576 2586 
5157CHS:  Int_t \
  1256 1256 1257 1257 1258 1258 1259 1259 1260 1260  \
  1261 1261 1262 1262 1263 1263 
5157PUT:  Int_t \
  299 300 302 299 296 297 302 300 304 299  \
  300 294 304 296 299 295 
5157THR:  Int_t \
  644 662 566 654 541 555 610 605 628 682  \
  636 634 681 617 617 534 
5157MDS:  Int_t \
  2598 2582 2567 2567 2566 2592 2555 2591 2574 2571  \
  2585 2566 2574 2576 2581 2589 
5158CHS:  Int_t \
  1264 1264 1265 1265 1266 1266 1267 1267 1268 1268  \
  1269 1269 1270 1270 1271 1271 
5158PUT:  Int_t \
  294 303 302 300 300 302 302 297 299 306  \
  304 298 305 296 300 299 
5158THR:  Int_t \
  549 647 639 618 598 580 600 633 596 564  \
  594 634 594 581 631 582 
5158MDS:  Int_t \
  2574 2582 2560 2581 2581 2574 2557 2568 2568 2565  \
  2586 2567 2576 2579 2558 2580 
5159CHS:  Int_t \
  1272 1272 1273 1273 1274 1274 1275 1275 1276 1276  \
  1277 1277 1278 1278 1279 1279 
5159PUT:  Int_t \
  303 305 305 295 304 302 295 299 297 295  \
  304 311 299 298 300 303 
5159THR:  Int_t \
  589 593 644 620 609 548 668 532 570 596  \
  556 654 569 608 651 596 
5159MDS:  Int_t \
  2585 2577 2578 2590 2575 2578 2581 2573 2590 2565  \
  2581 2596 2567 2594 2572 2577 
5160CHS:  Int_t \
  1280 1280 1281 1281 1282 1282 1283 1283 1284 1284  \
  1285 1285 1286 1286 1287 1287 
5160PUT:  Int_t \
  307 295 294 296 291 305 304 298 299 294  \
  307 304 294 299 300 291 
5160THR:  Int_t \
  615 603 676 584 597 686 577 584 656 531  \
  602 567 705 643 602 605 
5160MDS:  Int_t \
  2576 2578 2569 2575 2566 2577 2567 2587 2585 2587  \
  2552 2591 2589 2581 2579 2583 
5161CHS:  Int_t \
  1288 1288 1289 1289 1290 1290 1291 1291 1292 1292  \
  1293 1293 1294 1294 1295 1295 
5161PUT:  Int_t \
  301 301 303 298 302 306 295 293 301 294  \
  304 307 294 306 298 301 
5161THR:  Int_t \
  594 545 633 635 529 559 668 564 615 647  \
  603 561 637 602 620 626 
5161MDS:  Int_t \
  2570 2560 2580 2564 2590 2577 2586 2576 2591 2572  \
  2579 2577 2565 2578 2584 2588 
5162CHS:  Int_t \
  1296 1296 1297 1297 1298 1298 1299 1299 1300 1300  \
  1301 1301 1302 1302 1303 1303 
5162PUT:  Int_t \
  298 302 292 295 298 287 302 295 293 301  \
  294 301 292 296 302 294 
5162THR:  Int_t \
  563 649 611 568 540 608 601 601 539 602  \
  578 656 638 605 658 601 
5162MDS:  Int_t \
  2580 2583 2575 2576 2568 2589 2582 2575 2562 2599  \
  2588 2581 2586 2569 2585 2586 
5163CHS:  Int_t \
  1304 1304 1305 1305 1306 1306 1307 1307 1308 1308  \
  1309 1309 1310 1310 1311 1311 
5163PUT:  Int_t \
  295 300 297 299 296 313 298 295 303 293  \
  302 302 303 300 294 302 
5163THR:  Int_t \
  641 590 627 585 629 652 626 622 532 594  \
  493 586 545 581 639 578 
5163MDS:  Int_t \
  2601 2586 2577 2578 2573 2568 2566 2598 2575 2576  \
  2570 2584 2599 2592 2574 2577 
5164CHS:  Int_t \
  1312 1312 1313 1313 1314 1314 1315 1315 1316 1316  \
  1317 1317 1318 1318 1319 1319 
5164PUT:  Int_t \
  299 296 301 302 301 298 306 293 296 301  \
  290 301 297 296 296 301 
5164THR:  Int_t \
  602 515 543 594 540 591 548 548 632 609  \
  568 585 582 620 622 622 
5164MDS:  Int_t \
  2579 2567 2575 2588 2579 2596 2580 2582 2580 2570  \
  2593 2578 2582 2574 2572 2601 
5165CHS:  Int_t \
  1320 1320 1321 1321 1322 1322 1323 1323 1324 1324  \
  1325 1325 1326 1326 1327 1327 
5165PUT:  Int_t \
  300 295 303 302 292 296 295 303 303 300  \
  295 300 293 303 308 293 
5165THR:  Int_t \
  593 529 534 601 590 640 619 606 596 587  \
  572 645 564 659 555 661 
5165MDS:  Int_t \
  2584 2574 2566 2578 2590 2577 2581 2601 2575 2569  \
  2574 2573 2573 2579 2583 2586 
5166CHS:  Int_t \
  1328 1328 1329 1329 1330 1330 1331 1331 1332 1332  \
  1333 1333 1334 1334 1335 1335 
5166PUT:  Int_t \
  300 298 297 297 300 301 302 303 299 297  \
  298 309 302 305 303 301 
5166THR:  Int_t \
  620 561 593 556 570 564 615 574 608 621  \
  623 569 566 605 577 559 
5166MDS:  Int_t \
  2585 2579 2573 2585 2592 2570 2568 2564 2593 2594  \
  2577 2577 2587 2573 2575 2578 
5167CHS:  Int_t \
  1336 1336 1337 1337 1338 1338 1339 1339 1340 1340  \
  1341 1341 1342 1342 1343 1343 
5167PUT:  Int_t \
  297 305 292 295 304 304 301 299 300 301  \
  302 297 299 303 300 301 
5167THR:  Int_t \
  535 596 558 565 554 572 568 609 604 627  \
  647 576 587 614 635 605 
5167MDS:  Int_t \
  2573 2589 2565 2580 2580 2580 2595 2586 2604 2580  \
  2576 2567 2569 2598 2578 2591 
5168CHS:  Int_t \
  1344 1344 1345 1345 1346 1346 1347 1347 1348 1348  \
  1349 1349 1350 1350 1351 1351 
5168PUT:  Int_t \
  305 300 302 304 296 302 297 296 291 298  \
  301 306 296 295 299 298 
5168THR:  Int_t \
  578 646 543 562 563 600 636 631 636 619  \
  621 554 610 592 582 615 
5168MDS:  Int_t \
  2583 2571 2579 2592 2583 2582 2598 2592 2570 2579  \
  2571 2578 2568 2585 2593 2582 
5169CHS:  Int_t \
  1352 1352 1353 1353 1354 1354 1355 1355 1356 1356  \
  1357 1357 1358 1358 1359 1359 
5169PUT:  Int_t \
  299 307 296 304 304 298 304 300 298 308  \
  297 296 300 294 303 292 
5169THR:  Int_t \
  573 606 553 604 591 618 668 624 549 607  \
  588 615 592 617 585 597 
5169MDS:  Int_t \
  2572 2569 2579 2570 2589 2585 2583 2587 2586 2588  \
  2582 2569 2581 2568 2568 2593 
5170CHS:  Int_t \
  1360 1360 1361 1361 1362 1362 1363 1363 1364 1364  \
  1365 1365 1366 1366 1367 1367 
5170PUT:  Int_t \
  295 297 304 297 300 292 298 300 302 298  \
  295 295 294 297 298 302 
5170THR:  Int_t \
  553 635 556 662 594 602 610 624 590 525  \
  629 561 562 587 554 601 
5170MDS:  Int_t \
  2587 2576 2584 2579 2569 2578 2576 2568 2571 2592  \
  2579 2565 2564 2568 2574 2576 
5171CHS:  Int_t \
  1368 1368 1369 1369 1370 1370 1371 1371 1372 1372  \
  1373 1373 1374 1374 1375 1375 
5171PUT:  Int_t \
  304 296 294 296 299 301 295 292 310 301  \
  305 297 298 302 298 299 
5171THR:  Int_t \
  599 589 563 721 604 566 593 613 582 648  \
  620 567 521 643 632 547 
5171MDS:  Int_t \
  2574 2587 2555 2582 2573 2572 2583 2588 2574 2584  \
  2583 2572 2583 2557 2597 2584 
5172CHS:  Int_t \
  1376 1376 1377 1377 1378 1378 1379 1379 1380 1380  \
  1381 1381 1382 1382 1383 1383 
5172PUT:  Int_t \
  304 304 306 304 301 298 302 294 293 304  \
  298 304 298 297 293 304 
5172THR:  Int_t \
  569 600 627 609 591 597 579 553 563 619  \
  528 576 533 632 618 575 
5172MDS:  Int_t \
  2563 2581 2593 2576 2574 2588 2583 2562 2587 2587  \
  2568 2589 2598 2577 2590 2579 
5173CHS:  Int_t \
  1384 1384 1385 1385 1386 1386 1387 1387 1388 1388  \
  1389 1389 1390 1390 1391 1391 
5173PUT:  Int_t \
  303 305 307 302 302 301 298 302 294 296  \
  304 298 293 293 305 301 
5173THR:  Int_t \
  555 594 542 665 536 642 619 562 594 600  \
  603 572 577 591 576 577 
5173MDS:  Int_t \
  2586 2574 2593 2570 2574 2584 2585 2564 2573 2564  \
  2600 2578 2571 2576 2582 2579 
5174CHS:  Int_t \
  1392 1392 1393 1393 1394 1394 1395 1395 1396 1396  \
  1397 1397 1398 1398 1399 1399 
5174PUT:  Int_t \
  295 290 306 301 303 300 283 301 298 299  \
  303 298 307 299 296 301 
5174THR:  Int_t \
  630 539 541 604 625 598 673 604 620 566  \
  629 642 620 618 636 641 
5174MDS:  Int_t \
  2577 2582 2586 2587 2575 2574 2583 2568 2592 2567  \
  2571 2581 2581 2578 2583 2575 
5175CHS:  Int_t \
  1400 1400 1401 1401 1402 1402 1403 1403 1404 1404  \
  1405 1405 1406 1406 1407 1407 
5175PUT:  Int_t \
  299 304 301 300 300 303 299 294 287 300  \
  297 296 299 297 294 299 
5175THR:  Int_t \
  628 592 652 599 607 597 569 541 599 628  \
  697 650 544 648 650 566 
5175MDS:  Int_t \
  2566 2580 2568 2582 2572 2566 2586 2582 2568 2574  \
  2575 2591 2580 2590 2592 2566 
5176CHS:  Int_t \
  1408 1408 1409 1409 1410 1410 1411 1411 1412 1412  \
  1413 1413 1414 1414 1415 1415 
5176PUT:  Int_t \
  296 298 295 304 298 300 305 299 301 301  \
  299 295 298 299 297 306 
5176THR:  Int_t \
  622 676 585 649 583 674 571 583 619 626  \
  602 567 539 619 641 604 
5176MDS:  Int_t \
  2577 2603 2588 2568 2580 2579 2592 2573 2589 2576  \
  2594 2566 2576 2585 2576 2572 
5177CHS:  Int_t \
  1416 1416 1417 1417 1418 1418 1419 1419 1420 1420  \
  1421 1421 1422 1422 1423 1423 
5177PUT:  Int_t \
  301 301 298 298 301 298 297 296 295 297  \
  299 296 298 306 303 298 
5177THR:  Int_t \
  628 639 692 599 585 623 622 607 618 539  \
  578 625 586 606 634 587 
5177MDS:  Int_t \
  2582 2579 2583 2566 2571 2585 2557 2572 2583 2589  \
  2590 2570 2590 2589 2601 2559 
5178CHS:  Int_t \
  1424 1424 1425 1425 1426 1426 1427 1427 1428 1428  \
  1429 1429 1430 1430 1431 1431 
5178PUT:  Int_t \
  301 295 297 302 293 296 295 301 297 297  \
  294 303 299 299 306 303 
5178THR:  Int_t \
  606 607 555 624 593 700 598 627 592 543  \
  597 520 601 579 543 619 
5178MDS:  Int_t \
  2570 2581 2592 2591 2598 2569 2562 2576 2595 2570  \
  2566 2568 2588 2567 2587 2588 
5179CHS:  Int_t \
  1432 1432 1433 1433 1434 1434 1435 1435 1436 1436  \
  1437 1437 1438 1438 1439 1439 
5179PUT:  Int_t \
  294 292 303 300 302 296 294 297 295 295  \
  298 300 298 306 308 293 
5179THR:  Int_t \
  548 646 583 574 658 633 628 625 615 578  \
  599 605 594 645 690 609 
5179MDS:  Int_t \
  2591 2588 2581 2580 2582 2585 2576 2586 2580 2578  \
  2579 2574 2584 2570 2577 2553 
21:  Int_t  21000 
37:  Int_t  37000 
53:  Int_t  53000 
69:  Int_t  69000 
