##############################################################################
# Class:   CbmTrdDigiPar
# Context: TestDefaultContext
##############################################################################
[CbmTrdDigiPar]
//----------------------------------------------------------------------------
NrOfModules:  Int_t  104 
MaxSectors:  Int_t  3 
ModuleIdArray:  Int_t \
  5 21 37 53 261 277 293 309 517 533  \
  549 565 773 789 805 821 1029 1045 1061 1077  \
  1285 1301 1317 1333 1541 1557 1573 1589 1797 1813  \
  1829 1845 2053 2069 2085 2101 2309 2325 2341 2357  \
  2565 2581 2597 2613 2821 2837 2853 2869 3077 3093  \
  3109 3125 3333 3349 3365 3381 3589 3605 3621 3637  \
  3845 3861 3877 3893 4101 4117 4133 4149 4357 4373  \
  4389 4405 4613 4629 4645 4661 4869 4885 4901 4917  \
  5125 5141 5157 5173 5381 5397 5413 5429 5637 5653  \
  5669 5685 5893 5909 5925 5941 6149 6165 6181 6197  \
  6405 6421 6437 6453 
5:  Double_t \
  0 -190 -95 441.6 46 46 0.6 92 23 0.71875  \
  5.75 92 46 0.71875 5.75 92 23 0.71875 5.75 
21:  Double_t \
  3 -190 -95 486.6 46 46 0.6 92 23 0.71875  \
  5.75 92 46 0.71875 5.75 92 23 0.71875 5.75 
37:  Double_t \
  0 -190 -95 531.6 46 46 0.6 92 23 0.71875  \
  5.75 92 46 0.71875 5.75 92 23 0.71875 5.75 
53:  Double_t \
  3 -190 -95 576.6 46 46 0.6 92 23 0.71875  \
  5.75 92 46 0.71875 5.75 92 23 0.71875 5.75 
261:  Double_t \
  0 190 -95 441.6 46 46 0.6 92 23 0.71875  \
  5.75 92 46 0.71875 5.75 92 23 0.71875 5.75 
277:  Double_t \
  1 190 -95 486.6 46 46 0.6 92 23 0.71875  \
  5.75 92 46 0.71875 5.75 92 23 0.71875 5.75 
293:  Double_t \
  0 190 -95 531.6 46 46 0.6 92 23 0.71875  \
  5.75 92 46 0.71875 5.75 92 23 0.71875 5.75 
309:  Double_t \
  1 190 -95 576.6 46 46 0.6 92 23 0.71875  \
  5.75 92 46 0.71875 5.75 92 23 0.71875 5.75 
517:  Double_t \
  0 -190 0 441.6 46 46 0.6 92 23 0.71875  \
  5.75 92 46 0.71875 5.75 92 23 0.71875 5.75 
533:  Double_t \
  3 -190 0 486.6 46 46 0.6 92 23 0.71875  \
  5.75 92 46 0.71875 5.75 92 23 0.71875 5.75 
549:  Double_t \
  0 -190 0 531.6 46 46 0.6 92 23 0.71875  \
  5.75 92 46 0.71875 5.75 92 23 0.71875 5.75 
565:  Double_t \
  3 -190 0 576.6 46 46 0.6 92 23 0.71875  \
  5.75 92 46 0.71875 5.75 92 23 0.71875 5.75 
773:  Double_t \
  0 190 0 441.6 46 46 0.6 92 23 0.71875  \
  5.75 92 46 0.71875 5.75 92 23 0.71875 5.75 
789:  Double_t \
  1 190 0 486.6 46 46 0.6 92 23 0.71875  \
  5.75 92 46 0.71875 5.75 92 23 0.71875 5.75 
805:  Double_t \
  0 190 0 531.6 46 46 0.6 92 23 0.71875  \
  5.75 92 46 0.71875 5.75 92 23 0.71875 5.75 
821:  Double_t \
  1 190 0 576.6 46 46 0.6 92 23 0.71875  \
  5.75 92 46 0.71875 5.75 92 23 0.71875 5.75 
1029:  Double_t \
  2 -190 95 441.6 46 46 0.6 92 23 0.71875  \
  5.75 92 46 0.71875 5.75 92 23 0.71875 5.75 
1045:  Double_t \
  3 -190 95 486.6 46 46 0.6 92 23 0.71875  \
  5.75 92 46 0.71875 5.75 92 23 0.71875 5.75 
1061:  Double_t \
  2 -190 95 531.6 46 46 0.6 92 23 0.71875  \
  5.75 92 46 0.71875 5.75 92 23 0.71875 5.75 
1077:  Double_t \
  3 -190 95 576.6 46 46 0.6 92 23 0.71875  \
  5.75 92 46 0.71875 5.75 92 23 0.71875 5.75 
1285:  Double_t \
  2 190 95 441.6 46 46 0.6 92 23 0.71875  \
  5.75 92 46 0.71875 5.75 92 23 0.71875 5.75 
1301:  Double_t \
  1 190 95 486.6 46 46 0.6 92 23 0.71875  \
  5.75 92 46 0.71875 5.75 92 23 0.71875 5.75 
1317:  Double_t \
  2 190 95 531.6 46 46 0.6 92 23 0.71875  \
  5.75 92 46 0.71875 5.75 92 23 0.71875 5.75 
1333:  Double_t \
  1 190 95 576.6 46 46 0.6 92 23 0.71875  \
  5.75 92 46 0.71875 5.75 92 23 0.71875 5.75 
1541:  Double_t \
  0 -95 -190 441.6 46 46 0.6 92 23 0.71875  \
  11.5 92 46 0.71875 11.5 92 23 0.71875 11.5 
1557:  Double_t \
  3 -95 -190 486.6 46 46 0.6 92 23 0.71875  \
  11.5 92 46 0.71875 11.5 92 23 0.71875 11.5 
1573:  Double_t \
  0 -95 -190 531.6 46 46 0.6 92 23 0.71875  \
  11.5 92 46 0.71875 11.5 92 23 0.71875 11.5 
1589:  Double_t \
  3 -95 -190 576.6 46 46 0.6 92 23 0.71875  \
  11.5 92 46 0.71875 11.5 92 23 0.71875 11.5 
1797:  Double_t \
  0 0 -190 441.6 46 46 0.6 92 23 0.71875  \
  11.5 92 46 0.71875 11.5 92 23 0.71875 11.5 
1813:  Double_t \
  1 0 -190 486.6 46 46 0.6 92 23 0.71875  \
  11.5 92 46 0.71875 11.5 92 23 0.71875 11.5 
1829:  Double_t \
  0 0 -190 531.6 46 46 0.6 92 23 0.71875  \
  11.5 92 46 0.71875 11.5 92 23 0.71875 11.5 
1845:  Double_t \
  1 0 -190 576.6 46 46 0.6 92 23 0.71875  \
  11.5 92 46 0.71875 11.5 92 23 0.71875 11.5 
2053:  Double_t \
  0 95 -190 441.6 46 46 0.6 92 23 0.71875  \
  11.5 92 46 0.71875 11.5 92 23 0.71875 11.5 
2069:  Double_t \
  1 95 -190 486.6 46 46 0.6 92 23 0.71875  \
  11.5 92 46 0.71875 11.5 92 23 0.71875 11.5 
2085:  Double_t \
  0 95 -190 531.6 46 46 0.6 92 23 0.71875  \
  11.5 92 46 0.71875 11.5 92 23 0.71875 11.5 
2101:  Double_t \
  1 95 -190 576.6 46 46 0.6 92 23 0.71875  \
  11.5 92 46 0.71875 11.5 92 23 0.71875 11.5 
2309:  Double_t \
  0 -285 0 441.6 46 46 0.6 92 23 0.71875  \
  11.5 92 46 0.71875 11.5 92 23 0.71875 11.5 
2325:  Double_t \
  3 -285 0 486.6 46 46 0.6 92 23 0.71875  \
  11.5 92 46 0.71875 11.5 92 23 0.71875 11.5 
2341:  Double_t \
  0 -285 0 531.6 46 46 0.6 92 23 0.71875  \
  11.5 92 46 0.71875 11.5 92 23 0.71875 11.5 
2357:  Double_t \
  3 -285 0 576.6 46 46 0.6 92 23 0.71875  \
  11.5 92 46 0.71875 11.5 92 23 0.71875 11.5 
2565:  Double_t \
  0 285 0 441.6 46 46 0.6 92 23 0.71875  \
  11.5 92 46 0.71875 11.5 92 23 0.71875 11.5 
2581:  Double_t \
  1 285 0 486.6 46 46 0.6 92 23 0.71875  \
  11.5 92 46 0.71875 11.5 92 23 0.71875 11.5 
2597:  Double_t \
  0 285 0 531.6 46 46 0.6 92 23 0.71875  \
  11.5 92 46 0.71875 11.5 92 23 0.71875 11.5 
2613:  Double_t \
  1 285 0 576.6 46 46 0.6 92 23 0.71875  \
  11.5 92 46 0.71875 11.5 92 23 0.71875 11.5 
2821:  Double_t \
  2 -95 190 441.6 46 46 0.6 92 23 0.71875  \
  11.5 92 46 0.71875 11.5 92 23 0.71875 11.5 
2837:  Double_t \
  3 -95 190 486.6 46 46 0.6 92 23 0.71875  \
  11.5 92 46 0.71875 11.5 92 23 0.71875 11.5 
2853:  Double_t \
  2 -95 190 531.6 46 46 0.6 92 23 0.71875  \
  11.5 92 46 0.71875 11.5 92 23 0.71875 11.5 
2869:  Double_t \
  3 -95 190 576.6 46 46 0.6 92 23 0.71875  \
  11.5 92 46 0.71875 11.5 92 23 0.71875 11.5 
3077:  Double_t \
  2 0 190 441.6 46 46 0.6 92 23 0.71875  \
  11.5 92 46 0.71875 11.5 92 23 0.71875 11.5 
3093:  Double_t \
  1 0 190 486.6 46 46 0.6 92 23 0.71875  \
  11.5 92 46 0.71875 11.5 92 23 0.71875 11.5 
3109:  Double_t \
  2 0 190 531.6 46 46 0.6 92 23 0.71875  \
  11.5 92 46 0.71875 11.5 92 23 0.71875 11.5 
3125:  Double_t \
  1 0 190 576.6 46 46 0.6 92 23 0.71875  \
  11.5 92 46 0.71875 11.5 92 23 0.71875 11.5 
3333:  Double_t \
  2 95 190 441.6 46 46 0.6 92 23 0.71875  \
  11.5 92 46 0.71875 11.5 92 23 0.71875 11.5 
3349:  Double_t \
  1 95 190 486.6 46 46 0.6 92 23 0.71875  \
  11.5 92 46 0.71875 11.5 92 23 0.71875 11.5 
3365:  Double_t \
  2 95 190 531.6 46 46 0.6 92 23 0.71875  \
  11.5 92 46 0.71875 11.5 92 23 0.71875 11.5 
3381:  Double_t \
  1 95 190 576.6 46 46 0.6 92 23 0.71875  \
  11.5 92 46 0.71875 11.5 92 23 0.71875 11.5 
3589:  Double_t \
  0 -285 -190 441.6 46 46 0.6 92 30.5 0.71875  \
  15.25 92 31 0.71875 15.5 92 30.5 0.71875 15.25 
3605:  Double_t \
  3 -285 -190 486.6 46 46 0.6 92 30.5 0.71875  \
  15.25 92 31 0.71875 15.5 92 30.5 0.71875 15.25 
3621:  Double_t \
  0 -285 -190 531.6 46 46 0.6 92 30.5 0.71875  \
  15.25 92 31 0.71875 15.5 92 30.5 0.71875 15.25 
3637:  Double_t \
  3 -285 -190 576.6 46 46 0.6 92 30.5 0.71875  \
  15.25 92 31 0.71875 15.5 92 30.5 0.71875 15.25 
3845:  Double_t \
  0 -190 -190 441.6 46 46 0.6 92 30.5 0.71875  \
  15.25 92 31 0.71875 15.5 92 30.5 0.71875 15.25 
3861:  Double_t \
  3 -190 -190 486.6 46 46 0.6 92 30.5 0.71875  \
  15.25 92 31 0.71875 15.5 92 30.5 0.71875 15.25 
3877:  Double_t \
  0 -190 -190 531.6 46 46 0.6 92 30.5 0.71875  \
  15.25 92 31 0.71875 15.5 92 30.5 0.71875 15.25 
3893:  Double_t \
  3 -190 -190 576.6 46 46 0.6 92 30.5 0.71875  \
  15.25 92 31 0.71875 15.5 92 30.5 0.71875 15.25 
4101:  Double_t \
  0 190 -190 441.6 46 46 0.6 92 30.5 0.71875  \
  15.25 92 31 0.71875 15.5 92 30.5 0.71875 15.25 
4117:  Double_t \
  1 190 -190 486.6 46 46 0.6 92 30.5 0.71875  \
  15.25 92 31 0.71875 15.5 92 30.5 0.71875 15.25 
4133:  Double_t \
  0 190 -190 531.6 46 46 0.6 92 30.5 0.71875  \
  15.25 92 31 0.71875 15.5 92 30.5 0.71875 15.25 
4149:  Double_t \
  1 190 -190 576.6 46 46 0.6 92 30.5 0.71875  \
  15.25 92 31 0.71875 15.5 92 30.5 0.71875 15.25 
4357:  Double_t \
  0 285 -190 441.6 46 46 0.6 92 30.5 0.71875  \
  15.25 92 31 0.71875 15.5 92 30.5 0.71875 15.25 
4373:  Double_t \
  1 285 -190 486.6 46 46 0.6 92 30.5 0.71875  \
  15.25 92 31 0.71875 15.5 92 30.5 0.71875 15.25 
4389:  Double_t \
  0 285 -190 531.6 46 46 0.6 92 30.5 0.71875  \
  15.25 92 31 0.71875 15.5 92 30.5 0.71875 15.25 
4405:  Double_t \
  1 285 -190 576.6 46 46 0.6 92 30.5 0.71875  \
  15.25 92 31 0.71875 15.5 92 30.5 0.71875 15.25 
4613:  Double_t \
  0 -285 -95 441.6 46 46 0.6 92 30.5 0.71875  \
  15.25 92 31 0.71875 15.5 92 30.5 0.71875 15.25 
4629:  Double_t \
  3 -285 -95 486.6 46 46 0.6 92 30.5 0.71875  \
  15.25 92 31 0.71875 15.5 92 30.5 0.71875 15.25 
4645:  Double_t \
  0 -285 -95 531.6 46 46 0.6 92 30.5 0.71875  \
  15.25 92 31 0.71875 15.5 92 30.5 0.71875 15.25 
4661:  Double_t \
  3 -285 -95 576.6 46 46 0.6 92 30.5 0.71875  \
  15.25 92 31 0.71875 15.5 92 30.5 0.71875 15.25 
4869:  Double_t \
  0 285 -95 441.6 46 46 0.6 92 30.5 0.71875  \
  15.25 92 31 0.71875 15.5 92 30.5 0.71875 15.25 
4885:  Double_t \
  1 285 -95 486.6 46 46 0.6 92 30.5 0.71875  \
  15.25 92 31 0.71875 15.5 92 30.5 0.71875 15.25 
4901:  Double_t \
  0 285 -95 531.6 46 46 0.6 92 30.5 0.71875  \
  15.25 92 31 0.71875 15.5 92 30.5 0.71875 15.25 
4917:  Double_t \
  1 285 -95 576.6 46 46 0.6 92 30.5 0.71875  \
  15.25 92 31 0.71875 15.5 92 30.5 0.71875 15.25 
5125:  Double_t \
  2 -285 95 441.6 46 46 0.6 92 30.5 0.71875  \
  15.25 92 31 0.71875 15.5 92 30.5 0.71875 15.25 
5141:  Double_t \
  3 -285 95 486.6 46 46 0.6 92 30.5 0.71875  \
  15.25 92 31 0.71875 15.5 92 30.5 0.71875 15.25 
5157:  Double_t \
  2 -285 95 531.6 46 46 0.6 92 30.5 0.71875  \
  15.25 92 31 0.71875 15.5 92 30.5 0.71875 15.25 
5173:  Double_t \
  3 -285 95 576.6 46 46 0.6 92 30.5 0.71875  \
  15.25 92 31 0.71875 15.5 92 30.5 0.71875 15.25 
5381:  Double_t \
  2 285 95 441.6 46 46 0.6 92 30.5 0.71875  \
  15.25 92 31 0.71875 15.5 92 30.5 0.71875 15.25 
5397:  Double_t \
  1 285 95 486.6 46 46 0.6 92 30.5 0.71875  \
  15.25 92 31 0.71875 15.5 92 30.5 0.71875 15.25 
5413:  Double_t \
  2 285 95 531.6 46 46 0.6 92 30.5 0.71875  \
  15.25 92 31 0.71875 15.5 92 30.5 0.71875 15.25 
5429:  Double_t \
  1 285 95 576.6 46 46 0.6 92 30.5 0.71875  \
  15.25 92 31 0.71875 15.5 92 30.5 0.71875 15.25 
5637:  Double_t \
  2 -285 190 441.6 46 46 0.6 92 30.5 0.71875  \
  15.25 92 31 0.71875 15.5 92 30.5 0.71875 15.25 
5653:  Double_t \
  3 -285 190 486.6 46 46 0.6 92 30.5 0.71875  \
  15.25 92 31 0.71875 15.5 92 30.5 0.71875 15.25 
5669:  Double_t \
  2 -285 190 531.6 46 46 0.6 92 30.5 0.71875  \
  15.25 92 31 0.71875 15.5 92 30.5 0.71875 15.25 
5685:  Double_t \
  3 -285 190 576.6 46 46 0.6 92 30.5 0.71875  \
  15.25 92 31 0.71875 15.5 92 30.5 0.71875 15.25 
5893:  Double_t \
  2 -190 190 441.6 46 46 0.6 92 30.5 0.71875  \
  15.25 92 31 0.71875 15.5 92 30.5 0.71875 15.25 
5909:  Double_t \
  3 -190 190 486.6 46 46 0.6 92 30.5 0.71875  \
  15.25 92 31 0.71875 15.5 92 30.5 0.71875 15.25 
5925:  Double_t \
  2 -190 190 531.6 46 46 0.6 92 30.5 0.71875  \
  15.25 92 31 0.71875 15.5 92 30.5 0.71875 15.25 
5941:  Double_t \
  3 -190 190 576.6 46 46 0.6 92 30.5 0.71875  \
  15.25 92 31 0.71875 15.5 92 30.5 0.71875 15.25 
6149:  Double_t \
  2 190 190 441.6 46 46 0.6 92 30.5 0.71875  \
  15.25 92 31 0.71875 15.5 92 30.5 0.71875 15.25 
6165:  Double_t \
  1 190 190 486.6 46 46 0.6 92 30.5 0.71875  \
  15.25 92 31 0.71875 15.5 92 30.5 0.71875 15.25 
6181:  Double_t \
  2 190 190 531.6 46 46 0.6 92 30.5 0.71875  \
  15.25 92 31 0.71875 15.5 92 30.5 0.71875 15.25 
6197:  Double_t \
  1 190 190 576.6 46 46 0.6 92 30.5 0.71875  \
  15.25 92 31 0.71875 15.5 92 30.5 0.71875 15.25 
6405:  Double_t \
  2 285 190 441.6 46 46 0.6 92 30.5 0.71875  \
  15.25 92 31 0.71875 15.5 92 30.5 0.71875 15.25 
6421:  Double_t \
  1 285 190 486.6 46 46 0.6 92 30.5 0.71875  \
  15.25 92 31 0.71875 15.5 92 30.5 0.71875 15.25 
6437:  Double_t \
  2 285 190 531.6 46 46 0.6 92 30.5 0.71875  \
  15.25 92 31 0.71875 15.5 92 30.5 0.71875 15.25 
6453:  Double_t \
  1 285 190 576.6 46 46 0.6 92 30.5 0.71875  \
  15.25 92 31 0.71875 15.5 92 30.5 0.71875 15.25 