##############################################################################
# Class:   CbmTrdParSetGain
# Context: TestDefaultContext
##############################################################################
[CbmTrdParSetGain]
//----------------------------------------------------------------------------
NrOfModules:  Int_t  740 
ModuleIdArray:  Int_t \
  5 21 37 53 69 85 101 117 133 149  \
  261 277 293 309 325 341 357 373 389 405  \
  517 533 549 565 581 597 613 629 645 661  \
  773 789 805 821 837 853 869 885 901 917  \
  1029 1045 1061 1077 1093 1109 1125 1141 1157 1173  \
  1285 1301 1317 1333 1349 1365 1381 1397 1413 1429  \
  1541 1557 1573 1589 1605 1621 1637 1653 1669 1685  \
  1797 1813 1829 1845 1861 1877 1893 1909 1925 1941  \
  2053 2069 2085 2101 2117 2133 2149 2165 2181 2197  \
  2309 2325 2341 2357 2373 2389 2405 2421 2437 2453  \
  2565 2581 2597 2613 2629 2645 2661 2677 2693 2709  \
  2821 2837 2853 2869 2885 2901 2917 2933 2949 2965  \
  3077 3093 3109 3125 3141 3157 3173 3189 3205 3221  \
  3333 3349 3365 3381 3397 3413 3429 3445 3461 3477  \
  3589 3605 3621 3637 3653 3669 3685 3701 3717 3733  \
  3845 3861 3877 3893 3909 3925 3941 3957 3973 3989  \
  4101 4117 4133 4149 4165 4181 4197 4213 4229 4245  \
  4357 4373 4389 4405 4421 4437 4453 4469 4485 4501  \
  4613 4629 4645 4661 4677 4693 4709 4725 4741 4757  \
  4869 4885 4901 4917 4933 4949 4965 4981 4997 5013  \
  5125 5141 5157 5173 5189 5205 5221 5237 5253 5269  \
  5381 5397 5413 5429 5445 5461 5477 5493 5509 5525  \
  5637 5653 5669 5685 5701 5717 5733 5749 5765 5781  \
  5893 5909 5925 5941 5957 5973 5989 6005 6021 6037  \
  6149 6165 6181 6197 6213 6229 6245 6261 6277 6293  \
  6405 6421 6437 6453 6469 6485 6501 6517 6533 6549  \
  6661 6677 6693 6709 6725 6741 6757 6773 6789 6805  \
  6917 6933 6949 6965 6981 6997 7013 7029 7045 7061  \
  7173 7189 7205 7221 7237 7253 7269 7285 7301 7317  \
  7429 7445 7461 7477 7493 7509 7525 7541 7557 7573  \
  7685 7701 7717 7733 7749 7765 7781 7797 7813 7829  \
  7941 7957 7973 7989 8005 8021 8037 8053 8069 8085  \
  8197 8213 8229 8245 8261 8277 8293 8309 8325 8341  \
  8453 8469 8485 8501 8517 8533 8549 8565 8581 8597  \
  8709 8725 8741 8757 8773 8789 8805 8821 8837 8853  \
  8965 8981 8997 9013 9029 9045 9061 9077 9093 9109  \
  9221 9237 9253 9269 9285 9301 9317 9333 9349 9365  \
  9477 9493 9509 9525 9541 9557 9573 9589 9605 9621  \
  9733 9749 9765 9781 9797 9813 9829 9845 9861 9877  \
  9989 10005 10021 10037 10053 10069 10085 10101 10117 10133  \
  10245 10261 10277 10293 10309 10325 10341 10357 10373 10389  \
  10501 10517 10533 10549 10565 10581 10597 10613 10629 10645  \
  10757 10773 10789 10805 10821 10837 10853 10869 10885 10901  \
  11013 11029 11045 11061 11077 11093 11109 11125 11141 11157  \
  11269 11285 11301 11317 11333 11349 11365 11381 11397 11413  \
  11525 11541 11557 11573 11589 11605 11621 11637 11653 11669  \
  11781 11797 11813 11829 11845 11861 11877 11893 11909 11925  \
  12037 12053 12069 12085 12101 12117 12133 12149 12165 12181  \
  12293 12309 12325 12341 12357 12373 12389 12405 12421 12437  \
  12549 12565 12581 12597 12613 12629 12645 12661 12677 12693  \
  12869 12885 12901 12917 12933 12949 13125 13141 13157 13173  \
  13189 13205 13381 13397 13413 13429 13445 13461 13637 13653  \
  13669 13685 13701 13717 13893 13909 13925 13941 13957 13973  \
  14149 14165 14181 14197 14213 14229 14405 14421 14437 14453  \
  14469 14485 14661 14677 14693 14709 14725 14741 14917 14933  \
  14949 14965 14981 14997 15173 15189 15205 15221 15237 15253  \
  15429 15445 15461 15477 15493 15509 15685 15701 15717 15733  \
  15749 15765 15941 15957 15973 15989 16005 16021 16197 16213  \
  16229 16245 16261 16277 16453 16469 16485 16501 16517 16533  \
  16709 16725 16741 16757 16773 16789 16965 16981 16997 17013  \
  17029 17045 17221 17237 17253 17269 17285 17301 17477 17493  \
  17509 17525 17541 17557 17733 17749 17765 17781 17797 17813  \
  17989 18005 18021 18037 18053 18069 18245 18261 18277 18293  \
  18309 18325 18501 18517 18533 18549 18565 18581 18757 18773  \
  18789 18805 18821 18837 19013 19029 19045 19061 19077 19093  \
  19269 19285 19301 19317 19333 19349 19525 19541 19557 19573  \
  19589 19605 19781 19797 19813 19829 19845 19861 20101 20117  \
  20357 20373 20613 20629 20869 20885 21125 21141 21381 21397  \
  21637 21653 21893 21909 22149 22165 22405 22421 22661 22677  \
  22917 22933 23173 23189 23429 23445 23685 23701 23941 23957  \
  24197 24213 24453 24469 24709 24725 24965 24981 25221 25237  \
  25477 25493 25733 25749 25989 26005 26245 26261 26501 26517  \
  26757 26773 27013 27029 27269 27285 27525 27541 27781 27797  \
  28037 28053 28293 28309 28549 28565 28805 28821 29061 29077 
