##############################################################################
# Class:   CbmTrdDigiPar
# Context: TestDefaultContext
##############################################################################
[CbmTrdDigiPar]
//----------------------------------------------------------------------------
NrOfModules:  Int_t  136 
MaxSectors:  Int_t  3 
ModuleIdArray:  Int_t \
  5 21 37 53 261 277 293 309 517 533  \
  549 565 773 789 805 821 1029 1045 1061 1077  \
  1285 1301 1317 1333 1541 1557 1573 1589 1797 1813  \
  1829 1845 2053 2069 2085 2101 2309 2325 2341 2357  \
  2565 2581 2597 2613 2821 2837 2853 2869 3077 3093  \
  3109 3125 3333 3349 3365 3381 3589 3605 3621 3637  \
  3845 3861 3877 3893 4101 4117 4133 4149 4357 4373  \
  4389 4405 4613 4629 4645 4661 4869 4885 4901 4917  \
  5125 5141 5157 5173 5381 5397 5413 5429 5637 5653  \
  5669 5685 5893 5909 5925 5941 6149 6165 6181 6197  \
  6405 6421 6437 6453 6661 6677 6693 6709 6917 6933  \
  6949 6965 7173 7189 7205 7221 7429 7445 7461 7477  \
  7685 7701 7717 7733 7941 7957 7973 7989 8197 8213  \
  8229 8245 8453 8469 8485 8501 
5:  Double_t \
  0 -95 -95 441.6 46 46 0.6 92 30 0.71875  \
  3.75 92 32 0.71875 4 92 30 0.71875 3.75 
21:  Double_t \
  3 -95 -95 486.6 46 46 0.6 92 30 0.71875  \
  3.75 92 32 0.71875 4 92 30 0.71875 3.75 
37:  Double_t \
  0 -95 -95 531.6 46 46 0.6 92 30 0.71875  \
  3.75 92 32 0.71875 4 92 30 0.71875 3.75 
53:  Double_t \
  3 -95 -95 576.6 46 46 0.6 92 30 0.71875  \
  3.75 92 32 0.71875 4 92 30 0.71875 3.75 
261:  Double_t \
  0 0 -95 441.6 46 46 0.6 92 30 0.71875  \
  3.75 92 32 0.71875 4 92 30 0.71875 3.75 
277:  Double_t \
  1 0 -95 486.6 46 46 0.6 92 30 0.71875  \
  3.75 92 32 0.71875 4 92 30 0.71875 3.75 
293:  Double_t \
  0 0 -95 531.6 46 46 0.6 92 30 0.71875  \
  3.75 92 32 0.71875 4 92 30 0.71875 3.75 
309:  Double_t \
  1 0 -95 576.6 46 46 0.6 92 30 0.71875  \
  3.75 92 32 0.71875 4 92 30 0.71875 3.75 
517:  Double_t \
  0 95 -95 441.6 46 46 0.6 92 30 0.71875  \
  3.75 92 32 0.71875 4 92 30 0.71875 3.75 
533:  Double_t \
  1 95 -95 486.6 46 46 0.6 92 30 0.71875  \
  3.75 92 32 0.71875 4 92 30 0.71875 3.75 
549:  Double_t \
  0 95 -95 531.6 46 46 0.6 92 30 0.71875  \
  3.75 92 32 0.71875 4 92 30 0.71875 3.75 
565:  Double_t \
  1 95 -95 576.6 46 46 0.6 92 30 0.71875  \
  3.75 92 32 0.71875 4 92 30 0.71875 3.75 
773:  Double_t \
  0 -95 0 441.6 46 46 0.6 92 30 0.71875  \
  3.75 92 32 0.71875 4 92 30 0.71875 3.75 
789:  Double_t \
  3 -95 0 486.6 46 46 0.6 92 30 0.71875  \
  3.75 92 32 0.71875 4 92 30 0.71875 3.75 
805:  Double_t \
  0 -95 0 531.6 46 46 0.6 92 30 0.71875  \
  3.75 92 32 0.71875 4 92 30 0.71875 3.75 
821:  Double_t \
  3 -95 0 576.6 46 46 0.6 92 30 0.71875  \
  3.75 92 32 0.71875 4 92 30 0.71875 3.75 
1029:  Double_t \
  0 95 0 441.6 46 46 0.6 92 30 0.71875  \
  3.75 92 32 0.71875 4 92 30 0.71875 3.75 
1045:  Double_t \
  1 95 0 486.6 46 46 0.6 92 30 0.71875  \
  3.75 92 32 0.71875 4 92 30 0.71875 3.75 
1061:  Double_t \
  0 95 0 531.6 46 46 0.6 92 30 0.71875  \
  3.75 92 32 0.71875 4 92 30 0.71875 3.75 
1077:  Double_t \
  1 95 0 576.6 46 46 0.6 92 30 0.71875  \
  3.75 92 32 0.71875 4 92 30 0.71875 3.75 
1285:  Double_t \
  2 -95 95 441.6 46 46 0.6 92 30 0.71875  \
  3.75 92 32 0.71875 4 92 30 0.71875 3.75 
1301:  Double_t \
  3 -95 95 486.6 46 46 0.6 92 30 0.71875  \
  3.75 92 32 0.71875 4 92 30 0.71875 3.75 
1317:  Double_t \
  2 -95 95 531.6 46 46 0.6 92 30 0.71875  \
  3.75 92 32 0.71875 4 92 30 0.71875 3.75 
1333:  Double_t \
  3 -95 95 576.6 46 46 0.6 92 30 0.71875  \
  3.75 92 32 0.71875 4 92 30 0.71875 3.75 
1541:  Double_t \
  2 0 95 441.6 46 46 0.6 92 30 0.71875  \
  3.75 92 32 0.71875 4 92 30 0.71875 3.75 
1557:  Double_t \
  1 0 95 486.6 46 46 0.6 92 30 0.71875  \
  3.75 92 32 0.71875 4 92 30 0.71875 3.75 
1573:  Double_t \
  2 0 95 531.6 46 46 0.6 92 30 0.71875  \
  3.75 92 32 0.71875 4 92 30 0.71875 3.75 
1589:  Double_t \
  1 0 95 576.6 46 46 0.6 92 30 0.71875  \
  3.75 92 32 0.71875 4 92 30 0.71875 3.75 
1797:  Double_t \
  2 95 95 441.6 46 46 0.6 92 30 0.71875  \
  3.75 92 32 0.71875 4 92 30 0.71875 3.75 
1813:  Double_t \
  1 95 95 486.6 46 46 0.6 92 30 0.71875  \
  3.75 92 32 0.71875 4 92 30 0.71875 3.75 
1829:  Double_t \
  2 95 95 531.6 46 46 0.6 92 30 0.71875  \
  3.75 92 32 0.71875 4 92 30 0.71875 3.75 
1845:  Double_t \
  1 95 95 576.6 46 46 0.6 92 30 0.71875  \
  3.75 92 32 0.71875 4 92 30 0.71875 3.75 
2053:  Double_t \
  0 -190 -95 441.6 46 46 0.6 92 23 0.71875  \
  5.75 92 46 0.71875 5.75 92 23 0.71875 5.75 
2069:  Double_t \
  3 -190 -95 486.6 46 46 0.6 92 23 0.71875  \
  5.75 92 46 0.71875 5.75 92 23 0.71875 5.75 
2085:  Double_t \
  0 -190 -95 531.6 46 46 0.6 92 23 0.71875  \
  5.75 92 46 0.71875 5.75 92 23 0.71875 5.75 
2101:  Double_t \
  3 -190 -95 576.6 46 46 0.6 92 23 0.71875  \
  5.75 92 46 0.71875 5.75 92 23 0.71875 5.75 
2309:  Double_t \
  0 190 -95 441.6 46 46 0.6 92 23 0.71875  \
  5.75 92 46 0.71875 5.75 92 23 0.71875 5.75 
2325:  Double_t \
  1 190 -95 486.6 46 46 0.6 92 23 0.71875  \
  5.75 92 46 0.71875 5.75 92 23 0.71875 5.75 
2341:  Double_t \
  0 190 -95 531.6 46 46 0.6 92 23 0.71875  \
  5.75 92 46 0.71875 5.75 92 23 0.71875 5.75 
2357:  Double_t \
  1 190 -95 576.6 46 46 0.6 92 23 0.71875  \
  5.75 92 46 0.71875 5.75 92 23 0.71875 5.75 
2565:  Double_t \
  0 -190 0 441.6 46 46 0.6 92 23 0.71875  \
  5.75 92 46 0.71875 5.75 92 23 0.71875 5.75 
2581:  Double_t \
  3 -190 0 486.6 46 46 0.6 92 23 0.71875  \
  5.75 92 46 0.71875 5.75 92 23 0.71875 5.75 
2597:  Double_t \
  0 -190 0 531.6 46 46 0.6 92 23 0.71875  \
  5.75 92 46 0.71875 5.75 92 23 0.71875 5.75 
2613:  Double_t \
  3 -190 0 576.6 46 46 0.6 92 23 0.71875  \
  5.75 92 46 0.71875 5.75 92 23 0.71875 5.75 
2821:  Double_t \
  0 190 0 441.6 46 46 0.6 92 23 0.71875  \
  5.75 92 46 0.71875 5.75 92 23 0.71875 5.75 
2837:  Double_t \
  1 190 0 486.6 46 46 0.6 92 23 0.71875  \
  5.75 92 46 0.71875 5.75 92 23 0.71875 5.75 
2853:  Double_t \
  0 190 0 531.6 46 46 0.6 92 23 0.71875  \
  5.75 92 46 0.71875 5.75 92 23 0.71875 5.75 
2869:  Double_t \
  1 190 0 576.6 46 46 0.6 92 23 0.71875  \
  5.75 92 46 0.71875 5.75 92 23 0.71875 5.75 
3077:  Double_t \
  2 -190 95 441.6 46 46 0.6 92 23 0.71875  \
  5.75 92 46 0.71875 5.75 92 23 0.71875 5.75 
3093:  Double_t \
  3 -190 95 486.6 46 46 0.6 92 23 0.71875  \
  5.75 92 46 0.71875 5.75 92 23 0.71875 5.75 
3109:  Double_t \
  2 -190 95 531.6 46 46 0.6 92 23 0.71875  \
  5.75 92 46 0.71875 5.75 92 23 0.71875 5.75 
3125:  Double_t \
  3 -190 95 576.6 46 46 0.6 92 23 0.71875  \
  5.75 92 46 0.71875 5.75 92 23 0.71875 5.75 
3333:  Double_t \
  2 190 95 441.6 46 46 0.6 92 23 0.71875  \
  5.75 92 46 0.71875 5.75 92 23 0.71875 5.75 
3349:  Double_t \
  1 190 95 486.6 46 46 0.6 92 23 0.71875  \
  5.75 92 46 0.71875 5.75 92 23 0.71875 5.75 
3365:  Double_t \
  2 190 95 531.6 46 46 0.6 92 23 0.71875  \
  5.75 92 46 0.71875 5.75 92 23 0.71875 5.75 
3381:  Double_t \
  1 190 95 576.6 46 46 0.6 92 23 0.71875  \
  5.75 92 46 0.71875 5.75 92 23 0.71875 5.75 
3589:  Double_t \
  0 -95 -190 441.6 46 46 0.6 92 23 0.71875  \
  11.5 92 46 0.71875 11.5 92 23 0.71875 11.5 
3605:  Double_t \
  3 -95 -190 486.6 46 46 0.6 92 23 0.71875  \
  11.5 92 46 0.71875 11.5 92 23 0.71875 11.5 
3621:  Double_t \
  0 -95 -190 531.6 46 46 0.6 92 23 0.71875  \
  11.5 92 46 0.71875 11.5 92 23 0.71875 11.5 
3637:  Double_t \
  3 -95 -190 576.6 46 46 0.6 92 23 0.71875  \
  11.5 92 46 0.71875 11.5 92 23 0.71875 11.5 
3845:  Double_t \
  0 0 -190 441.6 46 46 0.6 92 23 0.71875  \
  11.5 92 46 0.71875 11.5 92 23 0.71875 11.5 
3861:  Double_t \
  1 0 -190 486.6 46 46 0.6 92 23 0.71875  \
  11.5 92 46 0.71875 11.5 92 23 0.71875 11.5 
3877:  Double_t \
  0 0 -190 531.6 46 46 0.6 92 23 0.71875  \
  11.5 92 46 0.71875 11.5 92 23 0.71875 11.5 
3893:  Double_t \
  1 0 -190 576.6 46 46 0.6 92 23 0.71875  \
  11.5 92 46 0.71875 11.5 92 23 0.71875 11.5 
4101:  Double_t \
  0 95 -190 441.6 46 46 0.6 92 23 0.71875  \
  11.5 92 46 0.71875 11.5 92 23 0.71875 11.5 
4117:  Double_t \
  1 95 -190 486.6 46 46 0.6 92 23 0.71875  \
  11.5 92 46 0.71875 11.5 92 23 0.71875 11.5 
4133:  Double_t \
  0 95 -190 531.6 46 46 0.6 92 23 0.71875  \
  11.5 92 46 0.71875 11.5 92 23 0.71875 11.5 
4149:  Double_t \
  1 95 -190 576.6 46 46 0.6 92 23 0.71875  \
  11.5 92 46 0.71875 11.5 92 23 0.71875 11.5 
4357:  Double_t \
  0 -285 0 441.6 46 46 0.6 92 23 0.71875  \
  11.5 92 46 0.71875 11.5 92 23 0.71875 11.5 
4373:  Double_t \
  3 -285 0 486.6 46 46 0.6 92 23 0.71875  \
  11.5 92 46 0.71875 11.5 92 23 0.71875 11.5 
4389:  Double_t \
  0 -285 0 531.6 46 46 0.6 92 23 0.71875  \
  11.5 92 46 0.71875 11.5 92 23 0.71875 11.5 
4405:  Double_t \
  3 -285 0 576.6 46 46 0.6 92 23 0.71875  \
  11.5 92 46 0.71875 11.5 92 23 0.71875 11.5 
4613:  Double_t \
  0 285 0 441.6 46 46 0.6 92 23 0.71875  \
  11.5 92 46 0.71875 11.5 92 23 0.71875 11.5 
4629:  Double_t \
  1 285 0 486.6 46 46 0.6 92 23 0.71875  \
  11.5 92 46 0.71875 11.5 92 23 0.71875 11.5 
4645:  Double_t \
  0 285 0 531.6 46 46 0.6 92 23 0.71875  \
  11.5 92 46 0.71875 11.5 92 23 0.71875 11.5 
4661:  Double_t \
  1 285 0 576.6 46 46 0.6 92 23 0.71875  \
  11.5 92 46 0.71875 11.5 92 23 0.71875 11.5 
4869:  Double_t \
  2 -95 190 441.6 46 46 0.6 92 23 0.71875  \
  11.5 92 46 0.71875 11.5 92 23 0.71875 11.5 
4885:  Double_t \
  3 -95 190 486.6 46 46 0.6 92 23 0.71875  \
  11.5 92 46 0.71875 11.5 92 23 0.71875 11.5 
4901:  Double_t \
  2 -95 190 531.6 46 46 0.6 92 23 0.71875  \
  11.5 92 46 0.71875 11.5 92 23 0.71875 11.5 
4917:  Double_t \
  3 -95 190 576.6 46 46 0.6 92 23 0.71875  \
  11.5 92 46 0.71875 11.5 92 23 0.71875 11.5 
5125:  Double_t \
  2 0 190 441.6 46 46 0.6 92 23 0.71875  \
  11.5 92 46 0.71875 11.5 92 23 0.71875 11.5 
5141:  Double_t \
  1 0 190 486.6 46 46 0.6 92 23 0.71875  \
  11.5 92 46 0.71875 11.5 92 23 0.71875 11.5 
5157:  Double_t \
  2 0 190 531.6 46 46 0.6 92 23 0.71875  \
  11.5 92 46 0.71875 11.5 92 23 0.71875 11.5 
5173:  Double_t \
  1 0 190 576.6 46 46 0.6 92 23 0.71875  \
  11.5 92 46 0.71875 11.5 92 23 0.71875 11.5 
5381:  Double_t \
  2 95 190 441.6 46 46 0.6 92 23 0.71875  \
  11.5 92 46 0.71875 11.5 92 23 0.71875 11.5 
5397:  Double_t \
  1 95 190 486.6 46 46 0.6 92 23 0.71875  \
  11.5 92 46 0.71875 11.5 92 23 0.71875 11.5 
5413:  Double_t \
  2 95 190 531.6 46 46 0.6 92 23 0.71875  \
  11.5 92 46 0.71875 11.5 92 23 0.71875 11.5 
5429:  Double_t \
  1 95 190 576.6 46 46 0.6 92 23 0.71875  \
  11.5 92 46 0.71875 11.5 92 23 0.71875 11.5 
5637:  Double_t \
  0 -285 -190 441.6 46 46 0.6 92 30.5 0.71875  \
  15.25 92 31 0.71875 15.5 92 30.5 0.71875 15.25 
5653:  Double_t \
  3 -285 -190 486.6 46 46 0.6 92 30.5 0.71875  \
  15.25 92 31 0.71875 15.5 92 30.5 0.71875 15.25 
5669:  Double_t \
  0 -285 -190 531.6 46 46 0.6 92 30.5 0.71875  \
  15.25 92 31 0.71875 15.5 92 30.5 0.71875 15.25 
5685:  Double_t \
  3 -285 -190 576.6 46 46 0.6 92 30.5 0.71875  \
  15.25 92 31 0.71875 15.5 92 30.5 0.71875 15.25 
5893:  Double_t \
  0 -190 -190 441.6 46 46 0.6 92 30.5 0.71875  \
  15.25 92 31 0.71875 15.5 92 30.5 0.71875 15.25 
5909:  Double_t \
  3 -190 -190 486.6 46 46 0.6 92 30.5 0.71875  \
  15.25 92 31 0.71875 15.5 92 30.5 0.71875 15.25 
5925:  Double_t \
  0 -190 -190 531.6 46 46 0.6 92 30.5 0.71875  \
  15.25 92 31 0.71875 15.5 92 30.5 0.71875 15.25 
5941:  Double_t \
  3 -190 -190 576.6 46 46 0.6 92 30.5 0.71875  \
  15.25 92 31 0.71875 15.5 92 30.5 0.71875 15.25 
6149:  Double_t \
  0 190 -190 441.6 46 46 0.6 92 30.5 0.71875  \
  15.25 92 31 0.71875 15.5 92 30.5 0.71875 15.25 
6165:  Double_t \
  1 190 -190 486.6 46 46 0.6 92 30.5 0.71875  \
  15.25 92 31 0.71875 15.5 92 30.5 0.71875 15.25 
6181:  Double_t \
  0 190 -190 531.6 46 46 0.6 92 30.5 0.71875  \
  15.25 92 31 0.71875 15.5 92 30.5 0.71875 15.25 
6197:  Double_t \
  1 190 -190 576.6 46 46 0.6 92 30.5 0.71875  \
  15.25 92 31 0.71875 15.5 92 30.5 0.71875 15.25 
6405:  Double_t \
  0 285 -190 441.6 46 46 0.6 92 30.5 0.71875  \
  15.25 92 31 0.71875 15.5 92 30.5 0.71875 15.25 
6421:  Double_t \
  1 285 -190 486.6 46 46 0.6 92 30.5 0.71875  \
  15.25 92 31 0.71875 15.5 92 30.5 0.71875 15.25 
6437:  Double_t \
  0 285 -190 531.6 46 46 0.6 92 30.5 0.71875  \
  15.25 92 31 0.71875 15.5 92 30.5 0.71875 15.25 
6453:  Double_t \
  1 285 -190 576.6 46 46 0.6 92 30.5 0.71875  \
  15.25 92 31 0.71875 15.5 92 30.5 0.71875 15.25 
6661:  Double_t \
  0 -285 -95 441.6 46 46 0.6 92 30.5 0.71875  \
  15.25 92 31 0.71875 15.5 92 30.5 0.71875 15.25 
6677:  Double_t \
  3 -285 -95 486.6 46 46 0.6 92 30.5 0.71875  \
  15.25 92 31 0.71875 15.5 92 30.5 0.71875 15.25 
6693:  Double_t \
  0 -285 -95 531.6 46 46 0.6 92 30.5 0.71875  \
  15.25 92 31 0.71875 15.5 92 30.5 0.71875 15.25 
6709:  Double_t \
  3 -285 -95 576.6 46 46 0.6 92 30.5 0.71875  \
  15.25 92 31 0.71875 15.5 92 30.5 0.71875 15.25 
6917:  Double_t \
  0 285 -95 441.6 46 46 0.6 92 30.5 0.71875  \
  15.25 92 31 0.71875 15.5 92 30.5 0.71875 15.25 
6933:  Double_t \
  1 285 -95 486.6 46 46 0.6 92 30.5 0.71875  \
  15.25 92 31 0.71875 15.5 92 30.5 0.71875 15.25 
6949:  Double_t \
  0 285 -95 531.6 46 46 0.6 92 30.5 0.71875  \
  15.25 92 31 0.71875 15.5 92 30.5 0.71875 15.25 
6965:  Double_t \
  1 285 -95 576.6 46 46 0.6 92 30.5 0.71875  \
  15.25 92 31 0.71875 15.5 92 30.5 0.71875 15.25 
7173:  Double_t \
  2 -285 95 441.6 46 46 0.6 92 30.5 0.71875  \
  15.25 92 31 0.71875 15.5 92 30.5 0.71875 15.25 
7189:  Double_t \
  3 -285 95 486.6 46 46 0.6 92 30.5 0.71875  \
  15.25 92 31 0.71875 15.5 92 30.5 0.71875 15.25 
7205:  Double_t \
  2 -285 95 531.6 46 46 0.6 92 30.5 0.71875  \
  15.25 92 31 0.71875 15.5 92 30.5 0.71875 15.25 
7221:  Double_t \
  3 -285 95 576.6 46 46 0.6 92 30.5 0.71875  \
  15.25 92 31 0.71875 15.5 92 30.5 0.71875 15.25 
7429:  Double_t \
  2 285 95 441.6 46 46 0.6 92 30.5 0.71875  \
  15.25 92 31 0.71875 15.5 92 30.5 0.71875 15.25 
7445:  Double_t \
  1 285 95 486.6 46 46 0.6 92 30.5 0.71875  \
  15.25 92 31 0.71875 15.5 92 30.5 0.71875 15.25 
7461:  Double_t \
  2 285 95 531.6 46 46 0.6 92 30.5 0.71875  \
  15.25 92 31 0.71875 15.5 92 30.5 0.71875 15.25 
7477:  Double_t \
  1 285 95 576.6 46 46 0.6 92 30.5 0.71875  \
  15.25 92 31 0.71875 15.5 92 30.5 0.71875 15.25 
7685:  Double_t \
  2 -285 190 441.6 46 46 0.6 92 30.5 0.71875  \
  15.25 92 31 0.71875 15.5 92 30.5 0.71875 15.25 
7701:  Double_t \
  3 -285 190 486.6 46 46 0.6 92 30.5 0.71875  \
  15.25 92 31 0.71875 15.5 92 30.5 0.71875 15.25 
7717:  Double_t \
  2 -285 190 531.6 46 46 0.6 92 30.5 0.71875  \
  15.25 92 31 0.71875 15.5 92 30.5 0.71875 15.25 
7733:  Double_t \
  3 -285 190 576.6 46 46 0.6 92 30.5 0.71875  \
  15.25 92 31 0.71875 15.5 92 30.5 0.71875 15.25 
7941:  Double_t \
  2 -190 190 441.6 46 46 0.6 92 30.5 0.71875  \
  15.25 92 31 0.71875 15.5 92 30.5 0.71875 15.25 
7957:  Double_t \
  3 -190 190 486.6 46 46 0.6 92 30.5 0.71875  \
  15.25 92 31 0.71875 15.5 92 30.5 0.71875 15.25 
7973:  Double_t \
  2 -190 190 531.6 46 46 0.6 92 30.5 0.71875  \
  15.25 92 31 0.71875 15.5 92 30.5 0.71875 15.25 
7989:  Double_t \
  3 -190 190 576.6 46 46 0.6 92 30.5 0.71875  \
  15.25 92 31 0.71875 15.5 92 30.5 0.71875 15.25 
8197:  Double_t \
  2 190 190 441.6 46 46 0.6 92 30.5 0.71875  \
  15.25 92 31 0.71875 15.5 92 30.5 0.71875 15.25 
8213:  Double_t \
  1 190 190 486.6 46 46 0.6 92 30.5 0.71875  \
  15.25 92 31 0.71875 15.5 92 30.5 0.71875 15.25 
8229:  Double_t \
  2 190 190 531.6 46 46 0.6 92 30.5 0.71875  \
  15.25 92 31 0.71875 15.5 92 30.5 0.71875 15.25 
8245:  Double_t \
  1 190 190 576.6 46 46 0.6 92 30.5 0.71875  \
  15.25 92 31 0.71875 15.5 92 30.5 0.71875 15.25 
8453:  Double_t \
  2 285 190 441.6 46 46 0.6 92 30.5 0.71875  \
  15.25 92 31 0.71875 15.5 92 30.5 0.71875 15.25 
8469:  Double_t \
  1 285 190 486.6 46 46 0.6 92 30.5 0.71875  \
  15.25 92 31 0.71875 15.5 92 30.5 0.71875 15.25 
8485:  Double_t \
  2 285 190 531.6 46 46 0.6 92 30.5 0.71875  \
  15.25 92 31 0.71875 15.5 92 30.5 0.71875 15.25 
8501:  Double_t \
  1 285 190 576.6 46 46 0.6 92 30.5 0.71875  \
  15.25 92 31 0.71875 15.5 92 30.5 0.71875 15.25 