##############################################################################
# Class:   CbmTrdParSetAsic
# Context: TestDefaultContext
##############################################################################
[CbmTrdParSetAsic]
//----------------------------------------------------------------------------
NrOfModules:  Int_t  5 
ModuleId:  Int_t \
  5 21 37 53 69 
nAsic:  Int_t \
  180 1 1 1 1 
typeAsic:  Int_t \
  9 8 8 8 8 
5:  Int_t \
  5000 5001 5002 5003 5004 5005 5006 5007 5008 5009  \
  5010 5011 5012 5013 5014 5015 5016 5017 5018 5019  \
  5020 5021 5022 5023 5024 5025 5026 5027 5028 5029  \
  5030 5031 5032 5033 5034 5035 5036 5037 5038 5039  \
  5040 5041 5042 5043 5044 5045 5046 5047 5048 5049  \
  5050 5051 5052 5053 5054 5055 5056 5057 5058 5059  \
  5060 5061 5062 5063 5064 5065 5066 5067 5068 5069  \
  5070 5071 5072 5073 5074 5075 5076 5077 5078 5079  \
  5080 5081 5082 5083 5084 5085 5086 5087 5088 5089  \
  5090 5091 5092 5093 5094 5095 5096 5097 5098 5099  \
  5100 5101 5102 5103 5104 5105 5106 5107 5108 5109  \
  5110 5111 5112 5113 5114 5115 5116 5117 5118 5119  \
  5120 5121 5122 5123 5124 5125 5126 5127 5128 5129  \
  5130 5131 5132 5133 5134 5135 5136 5137 5138 5139  \
  5140 5141 5142 5143 5144 5145 5146 5147 5148 5149  \
  5150 5151 5152 5153 5154 5155 5156 5157 5158 5159  \
  5160 5161 5162 5163 5164 5165 5166 5167 5168 5169  \
  5170 5171 5172 5173 5174 5175 5176 5177 5178 5179 
5000CHS:  Int_t \
  0 0 1 1 2 2 3 3 4 4  \
  5 5 6 6 7 7 
5000PUT:  Int_t \
  298 303 299 305 294 303 298 304 298 299  \
  298 306 299 295 299 298 
5000THR:  Int_t \
  631 597 600 560 557 570 682 581 592 679  \
  661 648 588 600 547 590 
5000MDS:  Int_t \
  2579 2570 2575 2579 2566 2585 2567 2578 2598 2580  \
  2580 2578 2578 2580 2597 2568 
5001CHS:  Int_t \
  8 8 9 9 10 10 11 11 12 12  \
  13 13 14 14 15 15 
5001PUT:  Int_t \
  295 301 295 289 299 291 296 297 299 299  \
  297 303 296 303 305 298 
5001THR:  Int_t \
  519 611 576 551 672 588 610 584 634 647  \
  637 564 575 612 608 614 
5001MDS:  Int_t \
  2593 2582 2572 2567 2575 2597 2576 2576 2584 2583  \
  2593 2582 2567 2565 2578 2575 
5002CHS:  Int_t \
  16 16 17 17 18 18 19 19 20 20  \
  21 21 22 22 23 23 
5002PUT:  Int_t \
  306 304 301 307 298 292 295 297 299 303  \
  298 299 305 293 298 298 
5002THR:  Int_t \
  598 636 587 601 633 618 574 634 570 537  \
  644 563 558 550 645 500 
5002MDS:  Int_t \
  2580 2565 2573 2579 2563 2560 2578 2557 2576 2592  \
  2583 2565 2577 2581 2576 2577 
5003CHS:  Int_t \
  24 24 25 25 26 26 27 27 28 28  \
  29 29 30 30 31 31 
5003PUT:  Int_t \
  308 303 298 300 298 298 303 290 307 294  \
  302 300 298 297 301 298 
5003THR:  Int_t \
  587 589 632 625 570 632 637 571 654 521  \
  596 544 511 502 590 566 
5003MDS:  Int_t \
  2578 2571 2573 2575 2588 2582 2593 2577 2575 2600  \
  2561 2572 2593 2575 2573 2563 
5004CHS:  Int_t \
  32 32 33 33 34 34 35 35 36 36  \
  37 37 38 38 39 39 
5004PUT:  Int_t \
  304 297 300 292 303 302 295 295 300 301  \
  304 299 298 307 305 299 
5004THR:  Int_t \
  569 688 573 590 598 641 603 572 550 579  \
  614 600 609 603 631 611 
5004MDS:  Int_t \
  2575 2585 2564 2584 2555 2579 2583 2580 2581 2589  \
  2569 2563 2582 2583 2571 2568 
5005CHS:  Int_t \
  40 40 41 41 42 42 43 43 44 44  \
  45 45 46 46 47 47 
5005PUT:  Int_t \
  303 294 300 303 308 296 296 302 304 295  \
  297 301 305 305 298 298 
5005THR:  Int_t \
  593 685 634 559 621 600 640 598 516 617  \
  623 608 621 615 596 648 
5005MDS:  Int_t \
  2588 2590 2589 2596 2591 2582 2569 2592 2575 2576  \
  2576 2593 2580 2580 2587 2572 
5006CHS:  Int_t \
  48 48 49 49 50 50 51 51 52 52  \
  53 53 54 54 55 55 
5006PUT:  Int_t \
  294 301 303 292 302 298 290 295 306 295  \
  305 293 290 298 302 301 
5006THR:  Int_t \
  601 569 640 602 611 601 693 634 540 691  \
  624 659 615 631 641 560 
5006MDS:  Int_t \
  2582 2581 2579 2583 2564 2576 2586 2577 2584 2589  \
  2593 2572 2583 2597 2565 2557 
5007CHS:  Int_t \
  56 56 57 57 58 58 59 59 60 60  \
  61 61 62 62 63 63 
5007PUT:  Int_t \
  298 304 304 298 298 304 296 295 300 300  \
  298 299 295 295 289 302 
5007THR:  Int_t \
  616 542 708 548 618 620 588 617 613 694  \
  541 598 541 602 652 611 
5007MDS:  Int_t \
  2563 2580 2586 2598 2594 2577 2575 2579 2585 2563  \
  2589 2585 2601 2592 2582 2550 
5008CHS:  Int_t \
  64 64 65 65 66 66 67 67 68 68  \
  69 69 70 70 71 71 
5008PUT:  Int_t \
  300 302 304 293 299 303 303 300 297 299  \
  293 301 301 298 294 301 
5008THR:  Int_t \
  559 575 637 600 568 601 598 604 569 564  \
  564 596 569 642 641 596 
5008MDS:  Int_t \
  2583 2579 2575 2580 2578 2583 2562 2584 2579 2584  \
  2594 2597 2578 2588 2572 2573 
5009CHS:  Int_t \
  72 72 73 73 74 74 75 75 76 76  \
  77 77 78 78 79 79 
5009PUT:  Int_t \
  298 295 304 300 298 298 307 305 304 295  \
  299 303 307 298 294 298 
5009THR:  Int_t \
  574 549 649 552 649 589 696 684 633 448  \
  604 606 586 526 586 667 
5009MDS:  Int_t \
  2583 2592 2575 2587 2575 2580 2585 2572 2580 2570  \
  2576 2583 2581 2582 2576 2574 
5010CHS:  Int_t \
  80 80 81 81 82 82 83 83 84 84  \
  85 85 86 86 87 87 
5010PUT:  Int_t \
  303 305 295 299 302 301 308 297 299 293  \
  297 298 299 300 301 296 
5010THR:  Int_t \
  638 644 598 632 614 582 582 596 622 493  \
  578 670 619 576 514 650 
5010MDS:  Int_t \
  2598 2577 2576 2565 2576 2563 2578 2586 2576 2574  \
  2578 2586 2580 2571 2589 2574 
5011CHS:  Int_t \
  88 88 89 89 90 90 91 91 92 92  \
  93 93 94 94 95 95 
5011PUT:  Int_t \
  304 296 299 299 299 297 297 297 299 300  \
  302 296 296 293 292 294 
5011THR:  Int_t \
  608 633 703 590 556 624 529 616 668 542  \
  618 641 602 608 549 634 
5011MDS:  Int_t \
  2602 2586 2593 2593 2570 2591 2583 2587 2563 2558  \
  2591 2573 2569 2556 2596 2582 
5012CHS:  Int_t \
  96 96 97 97 98 98 99 99 100 100  \
  101 101 102 102 103 103 
5012PUT:  Int_t \
  304 298 297 299 294 306 301 306 299 300  \
  300 296 298 299 300 297 
5012THR:  Int_t \
  674 616 636 569 546 580 628 597 569 637  \
  605 526 633 640 635 530 
5012MDS:  Int_t \
  2599 2570 2581 2583 2581 2581 2582 2583 2570 2582  \
  2592 2581 2570 2573 2609 2576 
5013CHS:  Int_t \
  104 104 105 105 106 106 107 107 108 108  \
  109 109 110 110 111 111 
5013PUT:  Int_t \
  299 299 294 299 303 299 299 304 313 296  \
  294 303 299 307 298 302 
5013THR:  Int_t \
  558 617 650 597 655 552 674 598 661 598  \
  668 516 685 596 648 685 
5013MDS:  Int_t \
  2581 2571 2568 2577 2569 2587 2578 2579 2578 2584  \
  2575 2582 2581 2574 2586 2590 
5014CHS:  Int_t \
  112 112 113 113 114 114 115 115 116 116  \
  117 117 118 118 119 119 
5014PUT:  Int_t \
  295 302 302 309 299 303 299 293 298 304  \
  303 298 301 296 298 296 
5014THR:  Int_t \
  615 642 647 619 603 593 618 621 664 692  \
  640 654 604 615 702 635 
5014MDS:  Int_t \
  2588 2575 2588 2593 2575 2587 2589 2594 2567 2603  \
  2592 2595 2582 2583 2593 2576 
5015CHS:  Int_t \
  120 120 121 121 122 122 123 123 124 124  \
  125 125 126 126 127 127 
5015PUT:  Int_t \
  303 298 308 299 295 306 300 299 296 300  \
  301 299 304 299 298 302 
5015THR:  Int_t \
  595 586 587 656 615 515 607 624 624 588  \
  598 573 597 603 659 595 
5015MDS:  Int_t \
  2564 2590 2579 2581 2571 2560 2602 2574 2580 2560  \
  2570 2593 2571 2589 2587 2556 
5016CHS:  Int_t \
  128 128 129 129 130 130 131 131 132 132  \
  133 133 134 134 135 135 
5016PUT:  Int_t \
  304 302 296 297 296 304 296 303 297 300  \
  302 300 297 296 304 305 
5016THR:  Int_t \
  615 602 601 542 568 628 656 589 588 636  \
  585 558 533 525 568 601 
5016MDS:  Int_t \
  2564 2567 2591 2572 2568 2576 2585 2576 2585 2572  \
  2581 2582 2592 2576 2563 2565 
5017CHS:  Int_t \
  136 136 137 137 138 138 139 139 140 140  \
  141 141 142 142 143 143 
5017PUT:  Int_t \
  304 296 306 297 303 302 306 295 299 304  \
  301 296 302 301 303 301 
5017THR:  Int_t \
  582 627 570 594 610 672 564 610 560 670  \
  540 568 597 546 553 587 
5017MDS:  Int_t \
  2578 2578 2593 2570 2590 2589 2585 2581 2581 2608  \
  2580 2602 2583 2583 2580 2565 
5018CHS:  Int_t \
  144 144 145 145 146 146 147 147 148 148  \
  149 149 150 150 151 151 
5018PUT:  Int_t \
  307 300 296 299 303 301 311 297 297 296  \
  302 302 302 305 299 298 
5018THR:  Int_t \
  635 593 670 554 519 635 566 606 583 508  \
  651 635 588 534 622 590 
5018MDS:  Int_t \
  2577 2573 2584 2605 2577 2591 2594 2557 2578 2568  \
  2575 2580 2560 2579 2586 2574 
5019CHS:  Int_t \
  152 152 153 153 154 154 155 155 156 156  \
  157 157 158 158 159 159 
5019PUT:  Int_t \
  301 297 298 294 302 302 303 303 302 299  \
  294 295 303 296 296 305 
5019THR:  Int_t \
  673 665 570 656 573 666 615 604 596 564  \
  640 565 583 574 585 613 
5019MDS:  Int_t \
  2571 2571 2574 2572 2587 2569 2565 2592 2574 2582  \
  2569 2568 2575 2573 2582 2585 
5020CHS:  Int_t \
  160 160 161 161 162 162 163 163 164 164  \
  165 165 166 166 167 167 
5020PUT:  Int_t \
  297 300 297 306 299 299 305 306 294 296  \
  293 300 304 304 296 300 
5020THR:  Int_t \
  608 675 613 615 643 576 581 528 607 603  \
  626 579 564 585 635 668 
5020MDS:  Int_t \
  2588 2587 2584 2566 2574 2561 2561 2554 2591 2594  \
  2592 2571 2588 2598 2589 2574 
5021CHS:  Int_t \
  168 168 169 169 170 170 171 171 172 172  \
  173 173 174 174 175 175 
5021PUT:  Int_t \
  295 298 301 298 298 301 304 297 300 296  \
  297 301 303 299 306 300 
5021THR:  Int_t \
  588 626 579 558 566 593 627 572 638 599  \
  579 579 650 592 627 656 
5021MDS:  Int_t \
  2591 2578 2592 2580 2582 2584 2571 2574 2565 2566  \
  2569 2579 2585 2579 2589 2582 
5022CHS:  Int_t \
  176 176 177 177 178 178 179 179 180 180  \
  181 181 182 182 183 183 
5022PUT:  Int_t \
  296 300 308 299 300 314 300 292 300 296  \
  298 291 303 302 299 302 
5022THR:  Int_t \
  535 592 538 630 560 563 614 625 617 617  \
  654 643 608 650 638 571 
5022MDS:  Int_t \
  2587 2568 2573 2580 2581 2581 2581 2575 2570 2577  \
  2566 2601 2589 2574 2576 2586 
5023CHS:  Int_t \
  184 184 185 185 186 186 187 187 188 188  \
  189 189 190 190 191 191 
5023PUT:  Int_t \
  300 301 296 304 292 301 301 299 299 302  \
  302 301 303 300 299 292 
5023THR:  Int_t \
  691 603 600 590 616 592 587 571 578 596  \
  663 588 597 532 578 538 
5023MDS:  Int_t \
  2591 2589 2576 2593 2588 2573 2583 2577 2586 2559  \
  2578 2583 2574 2582 2577 2559 
5024CHS:  Int_t \
  192 192 193 193 194 194 195 195 196 196  \
  197 197 198 198 199 199 
5024PUT:  Int_t \
  306 291 295 304 301 302 305 299 302 297  \
  299 297 295 301 296 297 
5024THR:  Int_t \
  536 681 596 540 570 650 610 638 658 548  \
  589 674 580 588 556 531 
5024MDS:  Int_t \
  2575 2585 2572 2577 2594 2585 2571 2579 2575 2584  \
  2595 2581 2584 2577 2588 2575 
5025CHS:  Int_t \
  200 200 201 201 202 202 203 203 204 204  \
  205 205 206 206 207 207 
5025PUT:  Int_t \
  306 298 303 298 297 293 302 302 302 297  \
  301 296 292 290 299 302 
5025THR:  Int_t \
  573 666 614 733 593 593 603 532 604 657  \
  549 572 615 610 561 613 
5025MDS:  Int_t \
  2582 2560 2585 2565 2574 2567 2585 2570 2600 2576  \
  2556 2592 2571 2571 2587 2576 
5026CHS:  Int_t \
  208 208 209 209 210 210 211 211 212 212  \
  213 213 214 214 215 215 
5026PUT:  Int_t \
  292 301 304 298 294 299 302 302 304 302  \
  300 303 307 294 301 305 
5026THR:  Int_t \
  624 602 565 631 642 608 562 639 549 598  \
  568 644 582 602 621 595 
5026MDS:  Int_t \
  2586 2577 2578 2570 2582 2563 2585 2574 2589 2575  \
  2582 2567 2584 2569 2595 2560 
5027CHS:  Int_t \
  216 216 217 217 218 218 219 219 220 220  \
  221 221 222 222 223 223 
5027PUT:  Int_t \
  297 296 299 298 303 304 296 304 301 298  \
  303 300 301 300 295 300 
5027THR:  Int_t \
  576 562 630 544 672 571 593 640 591 620  \
  641 562 618 565 567 605 
5027MDS:  Int_t \
  2588 2574 2591 2586 2569 2580 2590 2576 2582 2594  \
  2590 2573 2576 2569 2560 2579 
5028CHS:  Int_t \
  224 224 225 225 226 226 227 227 228 228  \
  229 229 230 230 231 231 
5028PUT:  Int_t \
  301 305 304 303 299 296 298 302 309 302  \
  300 304 300 300 303 298 
5028THR:  Int_t \
  575 568 599 646 617 632 553 623 585 572  \
  559 583 586 611 590 611 
5028MDS:  Int_t \
  2589 2588 2580 2579 2572 2576 2568 2574 2576 2581  \
  2579 2577 2587 2572 2592 2575 
5029CHS:  Int_t \
  232 232 233 233 234 234 235 235 236 236  \
  237 237 238 238 239 239 
5029PUT:  Int_t \
  300 299 298 294 296 307 302 296 295 302  \
  298 296 296 301 304 298 
5029THR:  Int_t \
  607 605 566 566 614 627 662 669 594 629  \
  693 592 644 567 572 595 
5029MDS:  Int_t \
  2580 2589 2586 2575 2586 2590 2594 2587 2592 2595  \
  2589 2585 2604 2576 2579 2591 
5030CHS:  Int_t \
  240 240 241 241 242 242 243 243 244 244  \
  245 245 246 246 247 247 
5030PUT:  Int_t \
  301 303 306 294 303 303 293 295 295 299  \
  301 294 300 303 300 299 
5030THR:  Int_t \
  655 567 637 559 568 579 627 608 590 568  \
  570 603 528 539 553 654 
5030MDS:  Int_t \
  2578 2574 2565 2596 2566 2567 2573 2587 2577 2585  \
  2592 2575 2595 2582 2582 2566 
5031CHS:  Int_t \
  248 248 249 249 250 250 251 251 252 252  \
  253 253 254 254 255 255 
5031PUT:  Int_t \
  303 299 298 300 302 301 299 301 300 297  \
  299 300 301 305 302 305 
5031THR:  Int_t \
  611 685 557 652 576 588 605 542 579 602  \
  625 699 546 599 578 646 
5031MDS:  Int_t \
  2578 2586 2583 2587 2605 2603 2582 2576 2563 2582  \
  2585 2594 2587 2590 2579 2578 
5032CHS:  Int_t \
  256 256 257 257 258 258 259 259 260 260  \
  261 261 262 262 263 263 
5032PUT:  Int_t \
  299 299 302 301 307 298 305 294 302 300  \
  297 300 293 296 301 296 
5032THR:  Int_t \
  534 608 547 538 610 559 640 594 663 568  \
  618 641 577 522 594 648 
5032MDS:  Int_t \
  2565 2567 2587 2593 2583 2574 2575 2581 2564 2575  \
  2584 2591 2580 2580 2581 2581 
5033CHS:  Int_t \
  264 264 265 265 266 266 267 267 268 268  \
  269 269 270 270 271 271 
5033PUT:  Int_t \
  300 304 300 299 300 303 300 301 295 300  \
  292 301 300 303 294 295 
5033THR:  Int_t \
  614 612 566 643 599 641 592 616 599 613  \
  586 567 584 606 607 664 
5033MDS:  Int_t \
  2583 2564 2594 2586 2576 2585 2595 2592 2592 2598  \
  2579 2590 2594 2595 2571 2591 
5034CHS:  Int_t \
  272 272 273 273 274 274 275 275 276 276  \
  277 277 278 278 279 279 
5034PUT:  Int_t \
  300 305 293 301 302 300 303 302 300 297  \
  294 296 294 302 301 298 
5034THR:  Int_t \
  595 586 601 610 566 526 626 574 566 624  \
  585 620 552 632 621 631 
5034MDS:  Int_t \
  2581 2571 2591 2585 2583 2572 2576 2594 2592 2579  \
  2556 2599 2579 2569 2572 2577 
5035CHS:  Int_t \
  280 280 281 281 282 282 283 283 284 284  \
  285 285 286 286 287 287 
5035PUT:  Int_t \
  295 303 300 300 303 302 298 292 303 300  \
  299 295 299 304 301 299 
5035THR:  Int_t \
  599 648 583 540 616 650 589 532 569 505  \
  542 624 590 539 606 657 
5035MDS:  Int_t \
  2580 2586 2580 2583 2575 2576 2595 2588 2569 2577  \
  2567 2577 2580 2569 2581 2588 
5036CHS:  Int_t \
  288 288 289 289 290 290 291 291 292 292  \
  293 293 294 294 295 295 
5036PUT:  Int_t \
  297 299 306 304 303 298 300 301 301 302  \
  301 294 299 301 303 306 
5036THR:  Int_t \
  607 611 582 582 625 665 566 649 576 529  \
  597 520 646 607 691 625 
5036MDS:  Int_t \
  2570 2567 2586 2580 2582 2588 2579 2564 2587 2587  \
  2584 2578 2590 2586 2585 2583 
5037CHS:  Int_t \
  296 296 297 297 298 298 299 299 300 300  \
  301 301 302 302 303 303 
5037PUT:  Int_t \
  300 298 297 295 295 303 291 294 302 309  \
  299 297 299 295 302 297 
5037THR:  Int_t \
  625 604 557 602 637 556 548 594 479 563  \
  632 556 575 607 676 646 
5037MDS:  Int_t \
  2592 2578 2591 2583 2566 2587 2583 2566 2577 2591  \
  2587 2587 2580 2586 2563 2599 
5038CHS:  Int_t \
  304 304 305 305 306 306 307 307 308 308  \
  309 309 310 310 311 311 
5038PUT:  Int_t \
  289 298 298 299 298 300 300 298 300 293  \
  307 299 297 303 295 302 
5038THR:  Int_t \
  659 610 562 678 608 597 609 632 590 626  \
  644 529 606 635 603 563 
5038MDS:  Int_t \
  2566 2581 2580 2588 2571 2572 2580 2578 2581 2565  \
  2568 2568 2572 2579 2581 2602 
5039CHS:  Int_t \
  312 312 313 313 314 314 315 315 316 316  \
  317 317 318 318 319 319 
5039PUT:  Int_t \
  294 298 292 303 307 298 301 299 302 297  \
  302 303 302 302 298 291 
5039THR:  Int_t \
  574 645 607 605 594 597 593 585 606 584  \
  566 545 528 588 620 591 
5039MDS:  Int_t \
  2603 2580 2571 2591 2568 2575 2581 2586 2596 2569  \
  2585 2578 2578 2589 2580 2584 
5040CHS:  Int_t \
  320 320 321 321 322 322 323 323 324 324  \
  325 325 326 326 327 327 
5040PUT:  Int_t \
  297 297 306 299 298 297 299 297 300 301  \
  296 302 299 294 305 297 
5040THR:  Int_t \
  622 558 572 544 703 612 672 530 588 623  \
  639 644 608 586 643 585 
5040MDS:  Int_t \
  2574 2596 2583 2581 2574 2583 2590 2575 2578 2586  \
  2579 2611 2576 2565 2599 2579 
5041CHS:  Int_t \
  328 328 329 329 330 330 331 331 332 332  \
  333 333 334 334 335 335 
5041PUT:  Int_t \
  298 295 292 293 300 288 296 298 298 305  \
  292 300 304 291 304 299 
5041THR:  Int_t \
  703 583 549 580 662 637 535 653 530 508  \
  575 582 632 568 687 551 
5041MDS:  Int_t \
  2580 2593 2584 2574 2582 2576 2593 2571 2570 2591  \
  2580 2566 2586 2584 2581 2576 
5042CHS:  Int_t \
  336 336 337 337 338 338 339 339 340 340  \
  341 341 342 342 343 343 
5042PUT:  Int_t \
  303 304 299 297 298 296 300 301 301 298  \
  306 295 303 302 301 301 
5042THR:  Int_t \
  603 548 642 601 571 580 603 620 614 634  \
  613 587 610 636 591 650 
5042MDS:  Int_t \
  2587 2580 2582 2589 2596 2566 2581 2574 2592 2590  \
  2558 2579 2580 2584 2586 2565 
5043CHS:  Int_t \
  344 344 345 345 346 346 347 347 348 348  \
  349 349 350 350 351 351 
5043PUT:  Int_t \
  304 292 302 294 306 306 303 298 301 300  \
  299 306 302 300 297 295 
5043THR:  Int_t \
  640 651 629 539 692 506 599 604 594 563  \
  598 590 601 611 565 559 
5043MDS:  Int_t \
  2567 2574 2564 2583 2565 2582 2580 2581 2580 2564  \
  2563 2593 2594 2551 2555 2573 
5044CHS:  Int_t \
  352 352 353 353 354 354 355 355 356 356  \
  357 357 358 358 359 359 
5044PUT:  Int_t \
  302 305 303 296 300 302 293 300 301 298  \
  307 304 302 296 288 299 
5044THR:  Int_t \
  620 556 619 625 609 593 633 558 602 599  \
  629 676 622 600 661 594 
5044MDS:  Int_t \
  2587 2582 2575 2601 2579 2562 2584 2585 2589 2579  \
  2571 2596 2570 2579 2587 2577 
5045CHS:  Int_t \
  360 360 361 361 362 362 363 363 364 364  \
  365 365 366 366 367 367 
5045PUT:  Int_t \
  300 302 300 301 296 294 296 297 297 297  \
  296 302 301 295 303 299 
5045THR:  Int_t \
  606 573 621 565 650 537 565 633 631 586  \
  549 508 581 595 644 601 
5045MDS:  Int_t \
  2587 2568 2584 2573 2558 2572 2595 2574 2580 2570  \
  2571 2592 2575 2569 2580 2583 
5046CHS:  Int_t \
  368 368 369 369 370 370 371 371 372 372  \
  373 373 374 374 375 375 
5046PUT:  Int_t \
  299 301 296 299 303 295 297 297 309 306  \
  304 301 295 294 301 293 
5046THR:  Int_t \
  626 556 578 531 615 576 570 568 497 548  \
  640 691 517 580 592 619 
5046MDS:  Int_t \
  2576 2573 2569 2589 2586 2580 2567 2589 2586 2588  \
  2571 2588 2580 2576 2579 2578 
5047CHS:  Int_t \
  376 376 377 377 378 378 379 379 380 380  \
  381 381 382 382 383 383 
5047PUT:  Int_t \
  301 305 303 302 292 308 300 305 301 303  \
  301 302 293 305 299 297 
5047THR:  Int_t \
  592 574 544 597 647 536 618 656 608 560  \
  632 647 631 571 612 582 
5047MDS:  Int_t \
  2578 2588 2582 2591 2583 2585 2585 2555 2562 2588  \
  2586 2579 2592 2563 2576 2590 
5048CHS:  Int_t \
  384 384 385 385 386 386 387 387 388 388  \
  389 389 390 390 391 391 
5048PUT:  Int_t \
  306 303 307 304 305 305 300 302 294 297  \
  297 300 297 294 307 293 
5048THR:  Int_t \
  584 616 551 544 597 615 632 578 566 719  \
  626 602 624 620 596 624 
5048MDS:  Int_t \
  2595 2589 2564 2583 2576 2570 2587 2569 2572 2592  \
  2562 2563 2583 2574 2574 2580 
5049CHS:  Int_t \
  392 392 393 393 394 394 395 395 396 396  \
  397 397 398 398 399 399 
5049PUT:  Int_t \
  302 291 295 301 302 303 300 294 293 305  \
  298 298 303 296 300 309 
5049THR:  Int_t \
  595 591 608 681 608 645 620 562 556 597  \
  568 639 730 568 562 626 
5049MDS:  Int_t \
  2596 2580 2572 2563 2587 2582 2563 2562 2588 2558  \
  2593 2572 2582 2597 2587 2568 
5050CHS:  Int_t \
  400 400 401 401 402 402 403 403 404 404  \
  405 405 406 406 407 407 
5050PUT:  Int_t \
  300 305 289 304 299 303 297 298 295 308  \
  299 297 299 305 300 302 
5050THR:  Int_t \
  623 576 647 643 584 612 568 621 600 613  \
  627 604 637 618 567 618 
5050MDS:  Int_t \
  2583 2578 2579 2576 2575 2579 2585 2593 2588 2575  \
  2571 2583 2593 2568 2570 2559 
5051CHS:  Int_t \
  408 408 409 409 410 410 411 411 412 412  \
  413 413 414 414 415 415 
5051PUT:  Int_t \
  295 297 299 302 299 307 303 305 302 302  \
  304 302 304 301 306 303 
5051THR:  Int_t \
  561 613 574 581 587 587 571 588 625 616  \
  603 633 645 649 607 591 
5051MDS:  Int_t \
  2585 2572 2571 2573 2578 2566 2587 2580 2585 2592  \
  2585 2569 2572 2589 2580 2570 
5052CHS:  Int_t \
  416 416 417 417 418 418 419 419 420 420  \
  421 421 422 422 423 423 
5052PUT:  Int_t \
  307 295 296 304 297 292 295 292 300 300  \
  304 296 305 305 299 297 
5052THR:  Int_t \
  575 583 632 620 597 580 574 634 598 571  \
  612 583 568 629 627 608 
5052MDS:  Int_t \
  2570 2577 2579 2573 2577 2566 2588 2581 2588 2591  \
  2566 2581 2580 2578 2579 2584 
5053CHS:  Int_t \
  424 424 425 425 426 426 427 427 428 428  \
  429 429 430 430 431 431 
5053PUT:  Int_t \
  306 296 300 297 293 305 295 296 300 307  \
  299 303 300 297 298 305 
5053THR:  Int_t \
  546 616 638 608 581 610 628 555 644 645  \
  655 578 586 593 598 538 
5053MDS:  Int_t \
  2586 2587 2569 2575 2567 2582 2556 2584 2583 2558  \
  2579 2583 2580 2568 2574 2569 
5054CHS:  Int_t \
  432 432 433 433 434 434 435 435 436 436  \
  437 437 438 438 439 439 
5054PUT:  Int_t \
  298 301 294 297 302 304 304 303 298 300  \
  296 306 301 302 296 294 
5054THR:  Int_t \
  628 639 578 652 619 580 636 646 617 660  \
  639 597 582 537 629 606 
5054MDS:  Int_t \
  2566 2579 2578 2578 2598 2582 2591 2581 2579 2572  \
  2586 2586 2569 2590 2581 2582 
5055CHS:  Int_t \
  440 440 441 441 442 442 443 443 444 444  \
  445 445 446 446 447 447 
5055PUT:  Int_t \
  298 294 305 302 290 297 301 305 295 293  \
  297 305 299 301 301 296 
5055THR:  Int_t \
  566 664 632 646 614 606 636 587 547 566  \
  520 605 621 625 559 551 
5055MDS:  Int_t \
  2585 2586 2578 2583 2573 2576 2575 2590 2588 2581  \
  2579 2574 2595 2585 2598 2575 
5056CHS:  Int_t \
  448 448 449 449 450 450 451 451 452 452  \
  453 453 454 454 455 455 
5056PUT:  Int_t \
  301 307 296 299 298 296 300 301 294 299  \
  298 305 308 301 302 300 
5056THR:  Int_t \
  689 558 557 642 588 652 572 682 620 617  \
  609 581 681 581 660 625 
5056MDS:  Int_t \
  2574 2571 2587 2599 2581 2583 2583 2589 2578 2586  \
  2571 2572 2560 2593 2591 2592 
5057CHS:  Int_t \
  456 456 457 457 458 458 459 459 460 460  \
  461 461 462 462 463 463 
5057PUT:  Int_t \
  300 296 298 299 305 297 304 300 295 298  \
  295 298 297 302 300 297 
5057THR:  Int_t \
  504 604 506 585 528 604 593 558 565 628  \
  569 568 663 547 629 538 
5057MDS:  Int_t \
  2573 2574 2586 2565 2575 2569 2593 2599 2576 2586  \
  2586 2588 2561 2580 2594 2594 
5058CHS:  Int_t \
  464 464 465 465 466 466 467 467 468 468  \
  469 469 470 470 471 471 
5058PUT:  Int_t \
  300 299 296 294 301 300 296 297 298 300  \
  298 303 302 301 295 299 
5058THR:  Int_t \
  569 664 543 545 573 603 623 585 571 585  \
  637 524 550 573 613 563 
5058MDS:  Int_t \
  2588 2582 2572 2572 2578 2585 2577 2589 2577 2558  \
  2591 2599 2563 2579 2580 2574 
5059CHS:  Int_t \
  472 472 473 473 474 474 475 475 476 476  \
  477 477 478 478 479 479 
5059PUT:  Int_t \
  302 300 307 297 300 298 301 301 297 301  \
  304 303 301 305 302 300 
5059THR:  Int_t \
  582 591 651 575 588 626 667 583 564 586  \
  622 689 594 625 617 597 
5059MDS:  Int_t \
  2577 2576 2576 2574 2575 2570 2584 2584 2578 2576  \
  2582 2581 2581 2554 2579 2583 
5060CHS:  Int_t \
  480 480 481 481 482 482 483 483 484 484  \
  485 485 486 486 487 487 
5060PUT:  Int_t \
  303 303 294 300 306 297 297 304 293 303  \
  297 299 293 303 304 301 
5060THR:  Int_t \
  566 679 558 590 663 562 557 605 561 598  \
  599 555 611 616 546 555 
5060MDS:  Int_t \
  2576 2578 2591 2586 2570 2584 2579 2583 2592 2577  \
  2581 2558 2591 2564 2573 2576 
5061CHS:  Int_t \
  488 488 489 489 490 490 491 491 492 492  \
  493 493 494 494 495 495 
5061PUT:  Int_t \
  287 302 296 299 301 295 305 301 298 291  \
  299 291 302 305 303 294 
5061THR:  Int_t \
  657 520 624 631 629 579 597 584 552 601  \
  578 670 563 618 595 600 
5061MDS:  Int_t \
  2566 2582 2580 2565 2581 2587 2589 2581 2586 2582  \
  2598 2575 2581 2579 2572 2580 
5062CHS:  Int_t \
  496 496 497 497 498 498 499 499 500 500  \
  501 501 502 502 503 503 
5062PUT:  Int_t \
  308 301 301 304 297 300 300 296 299 297  \
  297 301 300 304 303 301 
5062THR:  Int_t \
  617 652 636 561 607 554 527 557 547 613  \
  587 564 578 601 630 680 
5062MDS:  Int_t \
  2583 2578 2578 2572 2583 2577 2586 2574 2589 2581  \
  2590 2590 2597 2590 2572 2573 
5063CHS:  Int_t \
  504 504 505 505 506 506 507 507 508 508  \
  509 509 510 510 511 511 
5063PUT:  Int_t \
  300 300 296 303 305 301 302 302 299 296  \
  294 306 296 300 303 304 
5063THR:  Int_t \
  562 595 643 623 604 570 570 537 641 580  \
  590 627 634 567 648 540 
5063MDS:  Int_t \
  2581 2574 2577 2582 2577 2580 2574 2576 2603 2601  \
  2588 2578 2588 2585 2570 2569 
5064CHS:  Int_t \
  512 512 513 513 514 514 515 515 516 516  \
  517 517 518 518 519 519 
5064PUT:  Int_t \
  293 298 299 301 298 301 299 305 303 304  \
  305 299 302 296 302 301 
5064THR:  Int_t \
  612 586 671 547 615 633 635 568 522 543  \
  473 611 578 560 558 618 
5064MDS:  Int_t \
  2563 2581 2589 2562 2575 2589 2587 2579 2594 2578  \
  2573 2599 2583 2580 2584 2566 
5065CHS:  Int_t \
  520 520 521 521 522 522 523 523 524 524  \
  525 525 526 526 527 527 
5065PUT:  Int_t \
  305 302 298 307 294 303 300 302 300 297  \
  300 299 296 303 301 299 
5065THR:  Int_t \
  645 550 656 657 603 651 539 581 561 574  \
  565 574 539 622 557 629 
5065MDS:  Int_t \
  2575 2581 2584 2587 2591 2581 2590 2592 2577 2588  \
  2598 2594 2591 2580 2586 2583 
5066CHS:  Int_t \
  528 528 529 529 530 530 531 531 532 532  \
  533 533 534 534 535 535 
5066PUT:  Int_t \
  301 298 308 304 301 299 307 298 296 307  \
  298 293 289 299 297 300 
5066THR:  Int_t \
  623 603 565 576 533 626 559 582 602 600  \
  585 652 610 630 580 568 
5066MDS:  Int_t \
  2588 2561 2596 2582 2597 2582 2584 2576 2565 2585  \
  2572 2568 2579 2585 2607 2585 
5067CHS:  Int_t \
  536 536 537 537 538 538 539 539 540 540  \
  541 541 542 542 543 543 
5067PUT:  Int_t \
  293 302 299 301 297 301 304 300 303 300  \
  298 295 301 301 293 301 
5067THR:  Int_t \
  704 629 602 614 587 608 544 529 610 530  \
  606 616 623 632 610 571 
5067MDS:  Int_t \
  2570 2588 2593 2583 2598 2593 2592 2584 2576 2576  \
  2584 2573 2585 2587 2581 2591 
5068CHS:  Int_t \
  544 544 545 545 546 546 547 547 548 548  \
  549 549 550 550 551 551 
5068PUT:  Int_t \
  300 303 300 301 301 300 295 295 297 301  \
  298 304 295 301 295 303 
5068THR:  Int_t \
  661 564 565 638 596 594 597 569 565 628  \
  602 620 651 575 619 534 
5068MDS:  Int_t \
  2566 2595 2593 2581 2574 2568 2570 2566 2581 2586  \
  2587 2576 2593 2580 2560 2613 
5069CHS:  Int_t \
  552 552 553 553 554 554 555 555 556 556  \
  557 557 558 558 559 559 
5069PUT:  Int_t \
  302 299 291 299 297 304 303 300 299 295  \
  304 300 301 299 295 304 
5069THR:  Int_t \
  624 681 619 635 560 577 662 618 619 572  \
  625 617 556 588 713 610 
5069MDS:  Int_t \
  2594 2576 2569 2588 2603 2580 2591 2594 2577 2573  \
  2588 2592 2589 2565 2582 2576 
5070CHS:  Int_t \
  560 560 561 561 562 562 563 563 564 564  \
  565 565 566 566 567 567 
5070PUT:  Int_t \
  295 301 301 298 299 301 306 299 304 306  \
  299 296 304 297 294 307 
5070THR:  Int_t \
  673 621 660 611 612 623 596 569 632 560  \
  645 603 560 628 647 566 
5070MDS:  Int_t \
  2564 2575 2565 2576 2592 2578 2579 2570 2598 2575  \
  2578 2589 2579 2572 2583 2581 
5071CHS:  Int_t \
  568 568 569 569 570 570 571 571 572 572  \
  573 573 574 574 575 575 
5071PUT:  Int_t \
  292 297 302 293 301 298 298 293 292 314  \
  310 298 292 295 301 296 
5071THR:  Int_t \
  581 568 671 574 637 635 555 636 558 591  \
  673 586 639 613 641 561 
5071MDS:  Int_t \
  2577 2588 2572 2568 2585 2586 2580 2597 2580 2577  \
  2581 2585 2616 2581 2571 2587 
5072CHS:  Int_t \
  576 576 577 577 578 578 579 579 580 580  \
  581 581 582 582 583 583 
5072PUT:  Int_t \
  297 298 301 291 299 299 302 300 301 301  \
  301 300 305 298 303 291 
5072THR:  Int_t \
  683 564 559 693 584 567 566 606 606 623  \
  565 622 641 578 582 587 
5072MDS:  Int_t \
  2590 2579 2600 2580 2573 2577 2598 2577 2576 2605  \
  2571 2583 2564 2587 2554 2573 
5073CHS:  Int_t \
  584 584 585 585 586 586 587 587 588 588  \
  589 589 590 590 591 591 
5073PUT:  Int_t \
  300 296 296 293 302 301 304 303 304 301  \
  305 299 305 297 302 301 
5073THR:  Int_t \
  598 579 676 543 643 578 623 674 643 526  \
  577 568 588 582 586 602 
5073MDS:  Int_t \
  2580 2584 2587 2593 2581 2561 2587 2569 2585 2582  \
  2573 2574 2575 2576 2585 2583 
5074CHS:  Int_t \
  592 592 593 593 594 594 595 595 596 596  \
  597 597 598 598 599 599 
5074PUT:  Int_t \
  293 294 302 301 301 298 296 302 299 296  \
  298 299 293 300 302 304 
5074THR:  Int_t \
  643 641 589 598 589 597 618 541 645 578  \
  622 564 620 603 586 594 
5074MDS:  Int_t \
  2562 2581 2590 2573 2588 2573 2584 2583 2578 2580  \
  2570 2585 2585 2584 2578 2582 
5075CHS:  Int_t \
  600 600 601 601 602 602 603 603 604 604  \
  605 605 606 606 607 607 
5075PUT:  Int_t \
  304 297 299 296 308 299 303 297 297 298  \
  298 303 300 297 302 297 
5075THR:  Int_t \
  658 567 641 598 622 641 598 625 589 608  \
  637 587 596 619 568 590 
5075MDS:  Int_t \
  2569 2590 2572 2580 2590 2590 2589 2599 2585 2561  \
  2582 2578 2573 2573 2578 2606 
5076CHS:  Int_t \
  608 608 609 609 610 610 611 611 612 612  \
  613 613 614 614 615 615 
5076PUT:  Int_t \
  303 298 291 296 300 296 297 294 302 304  \
  303 302 300 301 292 297 
5076THR:  Int_t \
  589 564 619 585 540 565 593 600 577 574  \
  673 673 616 559 638 642 
5076MDS:  Int_t \
  2581 2586 2573 2571 2595 2578 2574 2577 2579 2576  \
  2587 2583 2577 2578 2590 2585 
5077CHS:  Int_t \
  616 616 617 617 618 618 619 619 620 620  \
  621 621 622 622 623 623 
5077PUT:  Int_t \
  301 302 300 297 300 310 299 301 304 301  \
  303 293 299 298 300 308 
5077THR:  Int_t \
  574 603 633 611 624 538 612 631 566 633  \
  600 665 686 586 597 678 
5077MDS:  Int_t \
  2579 2574 2576 2584 2580 2575 2581 2567 2570 2579  \
  2575 2588 2593 2590 2597 2576 
5078CHS:  Int_t \
  624 624 625 625 626 626 627 627 628 628  \
  629 629 630 630 631 631 
5078PUT:  Int_t \
  298 302 302 291 305 295 299 295 309 292  \
  306 306 301 297 297 305 
5078THR:  Int_t \
  632 628 578 608 590 568 645 635 610 593  \
  542 592 615 595 521 662 
5078MDS:  Int_t \
  2578 2577 2585 2586 2593 2583 2576 2573 2576 2585  \
  2602 2586 2596 2599 2586 2573 
5079CHS:  Int_t \
  632 632 633 633 634 634 635 635 636 636  \
  637 637 638 638 639 639 
5079PUT:  Int_t \
  301 304 299 296 297 302 295 301 299 302  \
  295 297 298 299 298 301 
5079THR:  Int_t \
  577 606 587 578 591 602 653 561 603 680  \
  626 618 562 625 614 615 
5079MDS:  Int_t \
  2595 2568 2571 2581 2593 2572 2593 2583 2575 2579  \
  2564 2591 2587 2563 2576 2575 
5080CHS:  Int_t \
  640 640 641 641 642 642 643 643 644 644  \
  645 645 646 646 647 647 
5080PUT:  Int_t \
  302 294 297 308 303 300 291 303 299 298  \
  298 300 297 296 295 303 
5080THR:  Int_t \
  632 623 565 623 594 581 649 585 633 650  \
  559 524 588 605 614 628 
5080MDS:  Int_t \
  2577 2582 2579 2565 2576 2576 2566 2565 2573 2578  \
  2575 2599 2578 2584 2579 2575 
5081CHS:  Int_t \
  648 648 649 649 650 650 651 651 652 652  \
  653 653 654 654 655 655 
5081PUT:  Int_t \
  300 297 302 300 298 300 293 297 305 300  \
  302 300 297 298 300 299 
5081THR:  Int_t \
  605 590 705 583 568 605 584 624 606 601  \
  601 640 609 625 707 596 
5081MDS:  Int_t \
  2585 2574 2585 2576 2582 2578 2589 2595 2609 2575  \
  2589 2589 2584 2595 2580 2586 
5082CHS:  Int_t \
  656 656 657 657 658 658 659 659 660 660  \
  661 661 662 662 663 663 
5082PUT:  Int_t \
  296 292 294 298 308 298 295 299 298 304  \
  301 293 302 294 295 302 
5082THR:  Int_t \
  559 538 639 556 493 659 687 599 625 665  \
  625 620 585 617 680 648 
5082MDS:  Int_t \
  2581 2567 2571 2599 2582 2596 2561 2569 2581 2587  \
  2579 2572 2575 2575 2588 2571 
5083CHS:  Int_t \
  664 664 665 665 666 666 667 667 668 668  \
  669 669 670 670 671 671 
5083PUT:  Int_t \
  298 298 305 300 297 298 302 300 304 301  \
  302 288 293 299 298 300 
5083THR:  Int_t \
  597 563 590 667 622 631 572 531 661 597  \
  615 573 615 610 597 589 
5083MDS:  Int_t \
  2572 2576 2589 2566 2583 2594 2573 2599 2562 2576  \
  2566 2579 2585 2579 2579 2586 
5084CHS:  Int_t \
  672 672 673 673 674 674 675 675 676 676  \
  677 677 678 678 679 679 
5084PUT:  Int_t \
  300 302 291 301 308 301 306 299 300 293  \
  296 299 291 294 298 309 
5084THR:  Int_t \
  610 582 516 598 668 603 550 615 636 569  \
  577 610 610 589 503 627 
5084MDS:  Int_t \
  2572 2595 2572 2570 2584 2568 2588 2588 2594 2589  \
  2576 2563 2589 2585 2582 2588 
5085CHS:  Int_t \
  680 680 681 681 682 682 683 683 684 684  \
  685 685 686 686 687 687 
5085PUT:  Int_t \
  305 299 299 298 298 297 299 302 293 302  \
  298 298 295 301 305 304 
5085THR:  Int_t \
  633 648 577 532 616 615 622 567 647 547  \
  625 622 616 552 637 671 
5085MDS:  Int_t \
  2572 2592 2571 2579 2588 2581 2599 2579 2579 2586  \
  2571 2590 2605 2599 2582 2579 
5086CHS:  Int_t \
  688 688 689 689 690 690 691 691 692 692  \
  693 693 694 694 695 695 
5086PUT:  Int_t \
  303 297 300 299 301 299 308 301 298 305  \
  294 303 301 301 305 300 
5086THR:  Int_t \
  495 569 634 588 568 527 595 582 580 581  \
  572 578 644 675 538 566 
5086MDS:  Int_t \
  2574 2579 2587 2561 2573 2590 2566 2579 2585 2576  \
  2575 2575 2591 2572 2563 2573 
5087CHS:  Int_t \
  696 696 697 697 698 698 699 699 700 700  \
  701 701 702 702 703 703 
5087PUT:  Int_t \
  303 305 303 299 292 297 295 299 291 305  \
  300 298 309 297 300 300 
5087THR:  Int_t \
  592 639 637 603 593 544 670 614 571 603  \
  657 633 596 580 634 489 
5087MDS:  Int_t \
  2579 2583 2591 2571 2583 2579 2585 2600 2588 2582  \
  2584 2591 2585 2583 2563 2566 
5088CHS:  Int_t \
  704 704 705 705 706 706 707 707 708 708  \
  709 709 710 710 711 711 
5088PUT:  Int_t \
  298 299 303 300 303 298 299 297 301 297  \
  294 295 301 304 296 305 
5088THR:  Int_t \
  584 560 568 610 546 554 504 631 602 578  \
  626 633 595 600 611 537 
5088MDS:  Int_t \
  2594 2582 2563 2606 2585 2579 2572 2574 2575 2586  \
  2568 2564 2581 2581 2586 2567 
5089CHS:  Int_t \
  712 712 713 713 714 714 715 715 716 716  \
  717 717 718 718 719 719 
5089PUT:  Int_t \
  306 300 298 295 293 300 300 297 306 306  \
  301 298 302 300 300 300 
5089THR:  Int_t \
  564 559 593 609 602 517 636 546 592 593  \
  639 663 607 547 588 525 
5089MDS:  Int_t \
  2570 2583 2567 2579 2589 2600 2574 2574 2572 2580  \
  2580 2569 2583 2557 2577 2572 
5090CHS:  Int_t \
  720 720 721 721 722 722 723 723 724 724  \
  725 725 726 726 727 727 
5090PUT:  Int_t \
  295 301 302 301 300 305 301 305 300 299  \
  299 300 299 304 303 298 
5090THR:  Int_t \
  622 536 680 598 576 635 568 505 575 623  \
  565 581 553 619 628 608 
5090MDS:  Int_t \
  2569 2570 2577 2583 2584 2581 2573 2584 2583 2566  \
  2572 2581 2562 2596 2585 2573 
5091CHS:  Int_t \
  728 728 729 729 730 730 731 731 732 732  \
  733 733 734 734 735 735 
5091PUT:  Int_t \
  299 303 301 307 305 303 300 297 293 308  \
  298 300 291 297 303 304 
5091THR:  Int_t \
  637 617 636 600 661 652 582 612 553 624  \
  632 612 618 618 574 593 
5091MDS:  Int_t \
  2570 2568 2558 2588 2584 2565 2572 2589 2589 2572  \
  2572 2564 2571 2591 2574 2589 
5092CHS:  Int_t \
  736 736 737 737 738 738 739 739 740 740  \
  741 741 742 742 743 743 
5092PUT:  Int_t \
  294 298 299 302 305 300 298 297 295 300  \
  305 295 302 291 298 303 
5092THR:  Int_t \
  518 616 551 636 665 544 581 570 603 595  \
  636 570 582 556 507 664 
5092MDS:  Int_t \
  2583 2588 2568 2586 2574 2564 2561 2568 2592 2589  \
  2592 2572 2586 2575 2571 2567 
5093CHS:  Int_t \
  744 744 745 745 746 746 747 747 748 748  \
  749 749 750 750 751 751 
5093PUT:  Int_t \
  297 306 303 297 302 300 295 297 302 298  \
  304 305 303 299 299 297 
5093THR:  Int_t \
  619 606 585 608 606 689 518 594 651 633  \
  558 598 596 657 571 651 
5093MDS:  Int_t \
  2591 2574 2583 2567 2565 2576 2575 2575 2566 2593  \
  2571 2578 2559 2584 2582 2576 
5094CHS:  Int_t \
  752 752 753 753 754 754 755 755 756 756  \
  757 757 758 758 759 759 
5094PUT:  Int_t \
  301 297 300 303 302 302 304 304 303 304  \
  306 302 297 297 301 298 
5094THR:  Int_t \
  614 539 561 563 634 616 636 621 690 588  \
  578 596 609 608 629 627 
5094MDS:  Int_t \
  2576 2569 2579 2601 2572 2587 2580 2588 2585 2583  \
  2582 2570 2577 2585 2590 2586 
5095CHS:  Int_t \
  760 760 761 761 762 762 763 763 764 764  \
  765 765 766 766 767 767 
5095PUT:  Int_t \
  297 299 297 309 304 291 305 303 297 293  \
  300 302 289 302 298 297 
5095THR:  Int_t \
  604 542 536 662 614 638 568 535 569 637  \
  629 584 601 630 542 633 
5095MDS:  Int_t \
  2573 2557 2581 2572 2584 2587 2600 2588 2575 2579  \
  2586 2580 2563 2570 2596 2593 
5096CHS:  Int_t \
  768 768 769 769 770 770 771 771 772 772  \
  773 773 774 774 775 775 
5096PUT:  Int_t \
  300 298 300 295 298 298 299 303 302 295  \
  295 302 303 303 301 297 
5096THR:  Int_t \
  600 587 570 555 580 583 610 585 612 577  \
  629 524 595 611 626 657 
5096MDS:  Int_t \
  2583 2572 2593 2571 2569 2561 2578 2568 2576 2578  \
  2568 2595 2564 2573 2587 2568 
5097CHS:  Int_t \
  776 776 777 777 778 778 779 779 780 780  \
  781 781 782 782 783 783 
5097PUT:  Int_t \
  300 300 306 300 303 296 301 301 305 303  \
  297 298 299 296 301 297 
5097THR:  Int_t \
  580 689 597 580 660 570 647 602 665 500  \
  566 542 623 563 566 689 
5097MDS:  Int_t \
  2589 2565 2590 2590 2571 2578 2595 2580 2596 2603  \
  2578 2582 2586 2588 2580 2575 
5098CHS:  Int_t \
  784 784 785 785 786 786 787 787 788 788  \
  789 789 790 790 791 791 
5098PUT:  Int_t \
  299 297 301 303 300 312 295 301 306 300  \
  303 293 302 294 296 295 
5098THR:  Int_t \
  601 592 579 567 570 545 617 613 601 581  \
  624 617 574 547 557 591 
5098MDS:  Int_t \
  2563 2571 2580 2580 2576 2589 2567 2576 2575 2564  \
  2570 2596 2582 2582 2582 2563 
5099CHS:  Int_t \
  792 792 793 793 794 794 795 795 796 796  \
  797 797 798 798 799 799 
5099PUT:  Int_t \
  301 300 293 296 298 302 297 295 298 296  \
  302 301 303 302 298 298 
5099THR:  Int_t \
  573 656 630 625 619 579 600 555 608 584  \
  532 656 628 559 591 581 
5099MDS:  Int_t \
  2606 2583 2589 2593 2563 2582 2575 2576 2579 2582  \
  2561 2570 2575 2591 2572 2589 
5100CHS:  Int_t \
  800 800 801 801 802 802 803 803 804 804  \
  805 805 806 806 807 807 
5100PUT:  Int_t \
  300 303 296 308 299 298 294 303 296 304  \
  298 289 301 300 298 296 
5100THR:  Int_t \
  652 579 624 627 659 568 598 647 596 597  \
  645 571 664 552 521 571 
5100MDS:  Int_t \
  2576 2589 2582 2575 2567 2598 2603 2592 2565 2576  \
  2571 2573 2577 2579 2579 2575 
5101CHS:  Int_t \
  808 808 809 809 810 810 811 811 812 812  \
  813 813 814 814 815 815 
5101PUT:  Int_t \
  295 303 303 296 299 300 305 304 295 303  \
  296 293 305 304 298 300 
5101THR:  Int_t \
  612 635 584 620 636 666 659 640 645 693  \
  618 551 683 567 584 520 
5101MDS:  Int_t \
  2585 2576 2577 2571 2572 2580 2576 2580 2592 2586  \
  2588 2571 2579 2570 2588 2592 
5102CHS:  Int_t \
  816 816 817 817 818 818 819 819 820 820  \
  821 821 822 822 823 823 
5102PUT:  Int_t \
  302 297 300 294 300 303 299 300 308 301  \
  298 297 301 301 299 298 
5102THR:  Int_t \
  540 597 520 632 548 557 613 594 595 586  \
  595 648 540 637 627 551 
5102MDS:  Int_t \
  2570 2574 2586 2596 2573 2587 2590 2579 2573 2584  \
  2563 2613 2587 2582 2594 2573 
5103CHS:  Int_t \
  824 824 825 825 826 826 827 827 828 828  \
  829 829 830 830 831 831 
5103PUT:  Int_t \
  296 292 297 301 298 301 296 302 299 296  \
  301 301 296 292 299 302 
5103THR:  Int_t \
  644 598 548 617 590 526 578 633 680 604  \
  617 623 620 586 613 611 
5103MDS:  Int_t \
  2601 2567 2581 2564 2565 2584 2581 2580 2562 2595  \
  2580 2568 2567 2571 2591 2569 
5104CHS:  Int_t \
  832 832 833 833 834 834 835 835 836 836  \
  837 837 838 838 839 839 
5104PUT:  Int_t \
  295 297 293 297 303 300 300 294 299 306  \
  301 299 307 303 303 296 
5104THR:  Int_t \
  529 588 560 612 659 605 577 512 653 575  \
  631 573 632 625 643 601 
5104MDS:  Int_t \
  2590 2569 2571 2578 2584 2591 2580 2608 2577 2578  \
  2581 2589 2583 2602 2590 2588 
5105CHS:  Int_t \
  840 840 841 841 842 842 843 843 844 844  \
  845 845 846 846 847 847 
5105PUT:  Int_t \
  297 298 309 295 303 300 306 302 294 298  \
  289 303 304 298 296 301 
5105THR:  Int_t \
  553 633 651 554 578 600 568 602 627 613  \
  653 610 634 603 582 614 
5105MDS:  Int_t \
  2583 2584 2579 2583 2585 2600 2591 2572 2592 2579  \
  2581 2585 2591 2587 2585 2570 
5106CHS:  Int_t \
  848 848 849 849 850 850 851 851 852 852  \
  853 853 854 854 855 855 
5106PUT:  Int_t \
  298 310 294 296 307 298 296 294 297 291  \
  300 304 303 298 294 291 
5106THR:  Int_t \
  637 566 568 593 618 601 532 645 641 620  \
  612 575 582 536 671 618 
5106MDS:  Int_t \
  2583 2583 2589 2584 2579 2575 2583 2602 2597 2558  \
  2572 2582 2571 2571 2563 2579 
5107CHS:  Int_t \
  856 856 857 857 858 858 859 859 860 860  \
  861 861 862 862 863 863 
5107PUT:  Int_t \
  298 303 297 300 301 297 301 296 297 304  \
  292 293 304 294 296 297 
5107THR:  Int_t \
  673 657 590 607 615 583 645 642 674 598  \
  502 602 615 553 594 566 
5107MDS:  Int_t \
  2592 2566 2575 2589 2580 2580 2576 2590 2582 2582  \
  2577 2568 2594 2572 2582 2575 
5108CHS:  Int_t \
  864 864 865 865 866 866 867 867 868 868  \
  869 869 870 870 871 871 
5108PUT:  Int_t \
  293 299 298 299 302 304 299 296 297 304  \
  296 307 301 296 300 291 
5108THR:  Int_t \
  559 592 595 643 665 512 619 607 573 589  \
  658 577 692 570 549 612 
5108MDS:  Int_t \
  2567 2592 2573 2579 2566 2581 2583 2585 2577 2563  \
  2570 2583 2580 2564 2569 2587 
5109CHS:  Int_t \
  872 872 873 873 874 874 875 875 876 876  \
  877 877 878 878 879 879 
5109PUT:  Int_t \
  300 301 298 299 294 297 299 301 296 294  \
  298 300 296 299 295 304 
5109THR:  Int_t \
  604 667 594 568 609 554 611 651 625 616  \
  513 677 593 643 541 508 
5109MDS:  Int_t \
  2583 2577 2579 2596 2577 2574 2582 2583 2587 2596  \
  2559 2569 2595 2575 2576 2580 
5110CHS:  Int_t \
  880 880 881 881 882 882 883 883 884 884  \
  885 885 886 886 887 887 
5110PUT:  Int_t \
  296 293 299 304 302 299 302 291 301 308  \
  298 292 298 305 299 296 
5110THR:  Int_t \
  686 610 482 639 620 629 653 591 624 555  \
  550 614 633 646 589 566 
5110MDS:  Int_t \
  2576 2590 2579 2580 2563 2564 2579 2576 2581 2584  \
  2581 2581 2572 2573 2598 2582 
5111CHS:  Int_t \
  888 888 889 889 890 890 891 891 892 892  \
  893 893 894 894 895 895 
5111PUT:  Int_t \
  299 303 291 300 304 297 297 306 295 299  \
  303 298 296 300 297 301 
5111THR:  Int_t \
  531 586 591 630 528 545 650 615 716 634  \
  530 618 632 584 560 612 
5111MDS:  Int_t \
  2596 2576 2573 2586 2586 2574 2568 2576 2592 2596  \
  2577 2576 2579 2578 2566 2577 
5112CHS:  Int_t \
  896 896 897 897 898 898 899 899 900 900  \
  901 901 902 902 903 903 
5112PUT:  Int_t \
  304 302 307 291 298 301 291 294 295 296  \
  301 299 297 300 303 295 
5112THR:  Int_t \
  592 580 611 590 589 575 634 594 544 560  \
  585 614 538 611 632 499 
5112MDS:  Int_t \
  2576 2571 2569 2574 2589 2586 2568 2573 2591 2584  \
  2600 2586 2591 2575 2573 2593 
5113CHS:  Int_t \
  904 904 905 905 906 906 907 907 908 908  \
  909 909 910 910 911 911 
5113PUT:  Int_t \
  298 299 304 300 300 300 300 291 299 296  \
  302 305 296 299 298 295 
5113THR:  Int_t \
  515 593 654 628 648 562 629 609 586 605  \
  649 623 569 622 551 609 
5113MDS:  Int_t \
  2574 2600 2587 2578 2568 2584 2581 2561 2599 2577  \
  2574 2567 2589 2598 2582 2591 
5114CHS:  Int_t \
  912 912 913 913 914 914 915 915 916 916  \
  917 917 918 918 919 919 
5114PUT:  Int_t \
  299 296 302 300 298 302 292 296 302 303  \
  305 299 300 302 296 301 
5114THR:  Int_t \
  620 590 617 595 673 593 659 570 552 573  \
  564 546 556 572 626 632 
5114MDS:  Int_t \
  2576 2564 2588 2581 2587 2607 2576 2581 2567 2589  \
  2593 2588 2577 2577 2567 2578 
5115CHS:  Int_t \
  920 920 921 921 922 922 923 923 924 924  \
  925 925 926 926 927 927 
5115PUT:  Int_t \
  300 297 295 300 301 299 298 299 304 310  \
  300 296 299 294 296 300 
5115THR:  Int_t \
  651 604 664 531 624 659 619 592 558 644  \
  638 557 592 679 521 582 
5115MDS:  Int_t \
  2594 2597 2583 2577 2592 2575 2570 2570 2579 2581  \
  2587 2598 2589 2592 2574 2567 
5116CHS:  Int_t \
  928 928 929 929 930 930 931 931 932 932  \
  933 933 934 934 935 935 
5116PUT:  Int_t \
  297 302 303 300 299 296 292 300 297 295  \
  302 299 302 290 292 304 
5116THR:  Int_t \
  579 556 527 614 543 619 554 591 630 557  \
  586 625 534 760 608 603 
5116MDS:  Int_t \
  2578 2581 2590 2587 2576 2572 2582 2580 2589 2577  \
  2594 2578 2588 2579 2590 2569 
5117CHS:  Int_t \
  936 936 937 937 938 938 939 939 940 940  \
  941 941 942 942 943 943 
5117PUT:  Int_t \
  296 296 298 291 290 309 294 302 297 300  \
  302 297 302 301 297 300 
5117THR:  Int_t \
  532 593 628 537 700 575 587 599 564 592  \
  576 589 567 606 701 583 
5117MDS:  Int_t \
  2590 2578 2572 2581 2584 2586 2587 2590 2577 2574  \
  2603 2572 2580 2588 2585 2587 
5118CHS:  Int_t \
  944 944 945 945 946 946 947 947 948 948  \
  949 949 950 950 951 951 
5118PUT:  Int_t \
  300 298 299 302 300 301 307 304 306 299  \
  301 303 302 297 296 301 
5118THR:  Int_t \
  559 570 547 609 591 613 661 603 615 585  \
  640 563 525 575 546 544 
5118MDS:  Int_t \
  2587 2575 2570 2574 2577 2585 2573 2566 2560 2601  \
  2571 2585 2569 2568 2580 2575 
5119CHS:  Int_t \
  952 952 953 953 954 954 955 955 956 956  \
  957 957 958 958 959 959 
5119PUT:  Int_t \
  293 301 303 298 298 303 298 303 299 302  \
  300 299 301 299 299 298 
5119THR:  Int_t \
  560 619 643 686 533 590 610 629 634 564  \
  581 620 594 549 541 555 
5119MDS:  Int_t \
  2573 2569 2584 2579 2582 2573 2586 2588 2584 2583  \
  2559 2584 2564 2582 2574 2575 
5120CHS:  Int_t \
  960 960 961 961 962 962 963 963 964 964  \
  965 965 966 966 967 967 
5120PUT:  Int_t \
  301 299 301 302 290 296 305 297 294 300  \
  301 297 300 298 295 292 
5120THR:  Int_t \
  578 596 583 624 619 564 551 638 583 644  \
  572 572 580 606 638 499 
5120MDS:  Int_t \
  2572 2579 2564 2573 2597 2579 2596 2596 2587 2576  \
  2564 2567 2589 2567 2577 2584 
5121CHS:  Int_t \
  968 968 969 969 970 970 971 971 972 972  \
  973 973 974 974 975 975 
5121PUT:  Int_t \
  298 305 297 303 300 301 301 297 300 301  \
  298 302 289 299 304 301 
5121THR:  Int_t \
  606 650 614 540 661 600 572 579 630 633  \
  626 582 608 611 565 646 
5121MDS:  Int_t \
  2584 2587 2597 2597 2576 2574 2576 2584 2605 2581  \
  2570 2584 2574 2589 2575 2594 
5122CHS:  Int_t \
  976 976 977 977 978 978 979 979 980 980  \
  981 981 982 982 983 983 
5122PUT:  Int_t \
  296 297 300 291 300 294 298 310 302 311  \
  292 291 299 301 299 295 
5122THR:  Int_t \
  632 650 569 589 601 628 652 597 636 641  \
  632 589 551 558 591 567 
5122MDS:  Int_t \
  2564 2592 2578 2580 2578 2595 2588 2582 2585 2595  \
  2577 2599 2606 2586 2562 2586 
5123CHS:  Int_t \
  984 984 985 985 986 986 987 987 988 988  \
  989 989 990 990 991 991 
5123PUT:  Int_t \
  301 298 298 304 303 296 313 296 306 294  \
  294 302 302 298 304 300 
5123THR:  Int_t \
  586 577 575 550 587 640 618 602 593 575  \
  616 551 650 632 572 608 
5123MDS:  Int_t \
  2583 2592 2569 2570 2583 2570 2583 2576 2601 2577  \
  2563 2586 2586 2562 2571 2564 
5124CHS:  Int_t \
  992 992 993 993 994 994 995 995 996 996  \
  997 997 998 998 999 999 
5124PUT:  Int_t \
  304 301 300 302 296 302 302 304 301 299  \
  296 304 304 296 300 305 
5124THR:  Int_t \
  577 599 535 529 571 557 569 547 595 593  \
  565 603 564 609 613 576 
5124MDS:  Int_t \
  2603 2590 2579 2587 2586 2581 2577 2576 2569 2576  \
  2589 2599 2588 2586 2572 2581 
5125CHS:  Int_t \
  1000 1000 1001 1001 1002 1002 1003 1003 1004 1004  \
  1005 1005 1006 1006 1007 1007 
5125PUT:  Int_t \
  302 301 304 298 304 298 297 306 309 301  \
  301 303 299 301 298 301 
5125THR:  Int_t \
  625 546 599 624 561 584 629 605 629 673  \
  616 573 580 626 645 670 
5125MDS:  Int_t \
  2583 2579 2588 2581 2576 2578 2558 2580 2568 2568  \
  2578 2579 2588 2582 2577 2588 
5126CHS:  Int_t \
  1008 1008 1009 1009 1010 1010 1011 1011 1012 1012  \
  1013 1013 1014 1014 1015 1015 
5126PUT:  Int_t \
  307 297 297 300 302 304 298 298 299 301  \
  296 303 291 300 302 297 
5126THR:  Int_t \
  563 615 536 591 600 604 622 612 617 575  \
  635 605 625 575 619 625 
5126MDS:  Int_t \
  2585 2587 2584 2584 2582 2570 2580 2587 2572 2592  \
  2588 2579 2561 2569 2585 2599 
5127CHS:  Int_t \
  1016 1016 1017 1017 1018 1018 1019 1019 1020 1020  \
  1021 1021 1022 1022 1023 1023 
5127PUT:  Int_t \
  304 304 293 301 304 304 296 299 297 299  \
  293 291 294 300 302 300 
5127THR:  Int_t \
  662 654 604 572 593 588 557 616 612 536  \
  599 603 561 603 584 611 
5127MDS:  Int_t \
  2580 2573 2577 2582 2580 2585 2591 2584 2571 2580  \
  2589 2572 2563 2591 2592 2565 
5128CHS:  Int_t \
  1024 1024 1025 1025 1026 1026 1027 1027 1028 1028  \
  1029 1029 1030 1030 1031 1031 
5128PUT:  Int_t \
  301 302 299 306 302 299 304 299 296 297  \
  291 302 297 303 294 296 
5128THR:  Int_t \
  592 546 565 633 539 660 595 627 657 510  \
  628 699 626 512 557 577 
5128MDS:  Int_t \
  2583 2565 2590 2580 2575 2569 2568 2566 2571 2571  \
  2579 2570 2589 2596 2594 2581 
5129CHS:  Int_t \
  1032 1032 1033 1033 1034 1034 1035 1035 1036 1036  \
  1037 1037 1038 1038 1039 1039 
5129PUT:  Int_t \
  308 301 296 297 295 302 302 294 300 298  \
  301 299 298 299 296 304 
5129THR:  Int_t \
  572 564 562 603 648 627 641 622 558 587  \
  588 583 553 548 579 522 
5129MDS:  Int_t \
  2601 2563 2583 2576 2559 2565 2588 2574 2569 2584  \
  2583 2574 2589 2593 2591 2566 
5130CHS:  Int_t \
  1040 1040 1041 1041 1042 1042 1043 1043 1044 1044  \
  1045 1045 1046 1046 1047 1047 
5130PUT:  Int_t \
  299 305 296 298 299 300 303 289 302 298  \
  297 302 301 308 293 303 
5130THR:  Int_t \
  609 551 608 626 599 630 516 616 580 538  \
  583 584 622 544 636 679 
5130MDS:  Int_t \
  2594 2576 2588 2587 2601 2581 2575 2572 2578 2590  \
  2579 2574 2570 2603 2589 2584 
5131CHS:  Int_t \
  1048 1048 1049 1049 1050 1050 1051 1051 1052 1052  \
  1053 1053 1054 1054 1055 1055 
5131PUT:  Int_t \
  303 298 300 299 297 300 301 305 301 301  \
  309 300 305 311 292 297 
5131THR:  Int_t \
  502 620 583 572 625 633 606 548 571 610  \
  659 632 546 583 644 683 
5131MDS:  Int_t \
  2579 2586 2591 2585 2586 2585 2574 2578 2572 2562  \
  2565 2584 2576 2568 2581 2575 
5132CHS:  Int_t \
  1056 1056 1057 1057 1058 1058 1059 1059 1060 1060  \
  1061 1061 1062 1062 1063 1063 
5132PUT:  Int_t \
  297 299 303 300 298 296 292 297 307 293  \
  297 304 293 303 298 291 
5132THR:  Int_t \
  605 570 583 612 559 646 628 630 577 613  \
  600 611 584 655 593 677 
5132MDS:  Int_t \
  2585 2570 2597 2595 2568 2592 2595 2577 2579 2576  \
  2591 2605 2583 2573 2584 2574 
5133CHS:  Int_t \
  1064 1064 1065 1065 1066 1066 1067 1067 1068 1068  \
  1069 1069 1070 1070 1071 1071 
5133PUT:  Int_t \
  298 305 293 286 302 293 304 294 303 303  \
  290 298 300 303 306 301 
5133THR:  Int_t \
  575 622 518 541 578 638 633 620 600 558  \
  623 598 559 632 608 610 
5133MDS:  Int_t \
  2576 2567 2580 2564 2572 2590 2564 2579 2576 2572  \
  2569 2583 2585 2591 2575 2577 
5134CHS:  Int_t \
  1072 1072 1073 1073 1074 1074 1075 1075 1076 1076  \
  1077 1077 1078 1078 1079 1079 
5134PUT:  Int_t \
  297 298 301 298 299 294 304 297 300 299  \
  298 295 294 301 299 299 
5134THR:  Int_t \
  594 596 599 582 571 591 627 576 590 607  \
  520 613 613 678 568 656 
5134MDS:  Int_t \
  2573 2581 2561 2578 2589 2593 2589 2588 2577 2584  \
  2576 2591 2578 2570 2559 2578 
5135CHS:  Int_t \
  1080 1080 1081 1081 1082 1082 1083 1083 1084 1084  \
  1085 1085 1086 1086 1087 1087 
5135PUT:  Int_t \
  299 297 305 303 306 297 303 299 303 301  \
  301 297 301 296 294 300 
5135THR:  Int_t \
  585 681 558 645 645 621 574 663 619 583  \
  576 542 552 654 560 595 
5135MDS:  Int_t \
  2580 2582 2577 2575 2602 2575 2588 2577 2577 2574  \
  2581 2576 2584 2597 2571 2565 
5136CHS:  Int_t \
  1088 1088 1089 1089 1090 1090 1091 1091 1092 1092  \
  1093 1093 1094 1094 1095 1095 
5136PUT:  Int_t \
  300 304 298 295 299 289 292 299 301 296  \
  299 297 296 307 296 292 
5136THR:  Int_t \
  607 569 603 544 721 608 589 596 601 607  \
  651 625 648 649 577 567 
5136MDS:  Int_t \
  2557 2588 2570 2582 2575 2570 2575 2590 2567 2585  \
  2573 2569 2561 2589 2577 2580 
5137CHS:  Int_t \
  1096 1096 1097 1097 1098 1098 1099 1099 1100 1100  \
  1101 1101 1102 1102 1103 1103 
5137PUT:  Int_t \
  302 296 293 297 305 303 302 299 309 300  \
  304 292 301 297 295 298 
5137THR:  Int_t \
  592 528 547 561 658 576 573 596 607 552  \
  588 521 635 660 612 615 
5137MDS:  Int_t \
  2590 2586 2552 2575 2583 2574 2578 2583 2591 2592  \
  2567 2558 2577 2569 2577 2583 
5138CHS:  Int_t \
  1104 1104 1105 1105 1106 1106 1107 1107 1108 1108  \
  1109 1109 1110 1110 1111 1111 
5138PUT:  Int_t \
  302 299 297 299 296 294 298 291 301 303  \
  304 300 300 294 299 302 
5138THR:  Int_t \
  651 541 587 572 559 551 567 566 633 640  \
  569 628 581 586 613 579 
5138MDS:  Int_t \
  2569 2583 2605 2571 2586 2579 2575 2580 2591 2568  \
  2571 2589 2566 2585 2601 2589 
5139CHS:  Int_t \
  1112 1112 1113 1113 1114 1114 1115 1115 1116 1116  \
  1117 1117 1118 1118 1119 1119 
5139PUT:  Int_t \
  303 304 302 299 297 298 300 307 302 296  \
  301 294 304 304 304 303 
5139THR:  Int_t \
  601 513 517 576 676 578 551 563 592 618  \
  638 716 611 597 576 503 
5139MDS:  Int_t \
  2570 2590 2577 2579 2577 2562 2594 2590 2575 2582  \
  2580 2580 2587 2579 2587 2576 
5140CHS:  Int_t \
  1120 1120 1121 1121 1122 1122 1123 1123 1124 1124  \
  1125 1125 1126 1126 1127 1127 
5140PUT:  Int_t \
  301 300 294 299 301 300 297 303 296 295  \
  298 299 296 309 295 301 
5140THR:  Int_t \
  656 554 562 568 685 564 635 605 572 600  \
  651 604 600 535 657 642 
5140MDS:  Int_t \
  2576 2581 2572 2591 2572 2583 2603 2577 2592 2585  \
  2595 2584 2588 2589 2586 2587 
5141CHS:  Int_t \
  1128 1128 1129 1129 1130 1130 1131 1131 1132 1132  \
  1133 1133 1134 1134 1135 1135 
5141PUT:  Int_t \
  293 302 296 302 300 298 297 296 300 297  \
  298 306 299 298 298 299 
5141THR:  Int_t \
  684 615 598 548 523 510 677 565 643 566  \
  607 574 620 553 597 522 
5141MDS:  Int_t \
  2575 2584 2563 2559 2571 2568 2590 2588 2571 2578  \
  2588 2579 2590 2572 2575 2564 
5142CHS:  Int_t \
  1136 1136 1137 1137 1138 1138 1139 1139 1140 1140  \
  1141 1141 1142 1142 1143 1143 
5142PUT:  Int_t \
  291 296 294 289 303 297 297 292 302 300  \
  295 297 296 296 300 304 
5142THR:  Int_t \
  549 570 633 542 628 580 638 526 603 545  \
  598 556 610 596 610 585 
5142MDS:  Int_t \
  2570 2562 2589 2595 2575 2571 2581 2579 2594 2566  \
  2592 2579 2590 2578 2583 2583 
5143CHS:  Int_t \
  1144 1144 1145 1145 1146 1146 1147 1147 1148 1148  \
  1149 1149 1150 1150 1151 1151 
5143PUT:  Int_t \
  297 303 295 300 298 298 303 304 299 298  \
  299 296 307 296 311 299 
5143THR:  Int_t \
  634 614 574 624 651 588 560 573 615 557  \
  670 584 541 601 663 702 
5143MDS:  Int_t \
  2587 2580 2584 2589 2584 2578 2570 2583 2591 2573  \
  2566 2587 2584 2592 2577 2575 
5144CHS:  Int_t \
  1152 1152 1153 1153 1154 1154 1155 1155 1156 1156  \
  1157 1157 1158 1158 1159 1159 
5144PUT:  Int_t \
  296 298 302 304 293 297 304 293 303 298  \
  302 304 302 301 295 298 
5144THR:  Int_t \
  616 538 566 576 580 628 611 627 583 585  \
  606 634 588 568 575 632 
5144MDS:  Int_t \
  2569 2584 2567 2589 2577 2588 2593 2574 2583 2586  \
  2574 2576 2577 2589 2570 2570 
5145CHS:  Int_t \
  1160 1160 1161 1161 1162 1162 1163 1163 1164 1164  \
  1165 1165 1166 1166 1167 1167 
5145PUT:  Int_t \
  298 303 294 299 303 304 301 299 301 294  \
  300 304 304 306 300 297 
5145THR:  Int_t \
  574 578 620 590 650 529 624 596 583 598  \
  564 592 613 572 564 577 
5145MDS:  Int_t \
  2564 2584 2560 2565 2568 2577 2576 2562 2591 2572  \
  2587 2571 2570 2585 2573 2571 
5146CHS:  Int_t \
  1168 1168 1169 1169 1170 1170 1171 1171 1172 1172  \
  1173 1173 1174 1174 1175 1175 
5146PUT:  Int_t \
  300 300 299 299 300 299 301 299 302 298  \
  295 293 300 298 299 299 
5146THR:  Int_t \
  620 603 540 604 603 608 631 578 584 594  \
  598 655 590 614 617 568 
5146MDS:  Int_t \
  2570 2576 2562 2594 2597 2592 2589 2587 2590 2579  \
  2559 2591 2585 2584 2580 2582 
5147CHS:  Int_t \
  1176 1176 1177 1177 1178 1178 1179 1179 1180 1180  \
  1181 1181 1182 1182 1183 1183 
5147PUT:  Int_t \
  302 297 294 296 301 305 293 300 302 304  \
  291 304 303 294 297 295 
5147THR:  Int_t \
  593 621 658 569 614 656 592 583 576 564  \
  587 603 515 614 531 583 
5147MDS:  Int_t \
  2601 2582 2586 2596 2577 2582 2575 2589 2585 2575  \
  2583 2564 2563 2589 2580 2569 
5148CHS:  Int_t \
  1184 1184 1185 1185 1186 1186 1187 1187 1188 1188  \
  1189 1189 1190 1190 1191 1191 
5148PUT:  Int_t \
  302 302 308 297 295 302 300 297 297 304  \
  300 303 298 306 311 293 
5148THR:  Int_t \
  680 556 670 589 564 570 572 607 611 625  \
  664 561 593 612 594 681 
5148MDS:  Int_t \
  2567 2582 2555 2564 2574 2585 2573 2588 2568 2559  \
  2573 2571 2572 2582 2577 2573 
5149CHS:  Int_t \
  1192 1192 1193 1193 1194 1194 1195 1195 1196 1196  \
  1197 1197 1198 1198 1199 1199 
5149PUT:  Int_t \
  298 296 303 303 298 299 295 293 299 300  \
  306 301 309 300 298 297 
5149THR:  Int_t \
  581 644 619 606 608 695 580 603 651 511  \
  628 643 590 589 607 637 
5149MDS:  Int_t \
  2577 2565 2560 2573 2579 2585 2584 2564 2589 2575  \
  2560 2578 2566 2570 2584 2577 
5150CHS:  Int_t \
  1200 1200 1201 1201 1202 1202 1203 1203 1204 1204  \
  1205 1205 1206 1206 1207 1207 
5150PUT:  Int_t \
  295 299 300 300 302 300 303 305 299 303  \
  298 306 301 301 299 301 
5150THR:  Int_t \
  594 646 629 587 599 655 579 645 571 548  \
  622 640 569 599 698 533 
5150MDS:  Int_t \
  2588 2567 2590 2590 2572 2595 2582 2584 2580 2573  \
  2595 2585 2564 2569 2582 2576 
5151CHS:  Int_t \
  1208 1208 1209 1209 1210 1210 1211 1211 1212 1212  \
  1213 1213 1214 1214 1215 1215 
5151PUT:  Int_t \
  302 298 297 293 295 301 307 291 301 292  \
  301 297 297 301 299 298 
5151THR:  Int_t \
  525 581 533 539 631 629 597 560 671 612  \
  616 642 642 650 620 648 
5151MDS:  Int_t \
  2590 2572 2588 2577 2586 2572 2571 2574 2573 2573  \
  2571 2583 2577 2570 2571 2580 
5152CHS:  Int_t \
  1216 1216 1217 1217 1218 1218 1219 1219 1220 1220  \
  1221 1221 1222 1222 1223 1223 
5152PUT:  Int_t \
  295 304 295 301 297 299 295 303 300 300  \
  305 302 297 302 297 308 
5152THR:  Int_t \
  665 590 523 552 577 573 604 595 527 577  \
  636 585 679 616 610 575 
5152MDS:  Int_t \
  2572 2587 2574 2565 2585 2590 2578 2573 2585 2577  \
  2574 2574 2577 2574 2587 2580 
5153CHS:  Int_t \
  1224 1224 1225 1225 1226 1226 1227 1227 1228 1228  \
  1229 1229 1230 1230 1231 1231 
5153PUT:  Int_t \
  298 303 295 297 306 298 302 299 297 304  \
  295 296 303 300 305 299 
5153THR:  Int_t \
  594 549 594 563 652 547 567 601 612 641  \
  651 569 487 548 626 586 
5153MDS:  Int_t \
  2587 2568 2585 2586 2581 2566 2579 2584 2572 2587  \
  2575 2565 2584 2578 2576 2574 
5154CHS:  Int_t \
  1232 1232 1233 1233 1234 1234 1235 1235 1236 1236  \
  1237 1237 1238 1238 1239 1239 
5154PUT:  Int_t \
  301 303 300 300 306 302 288 303 299 303  \
  294 301 300 299 298 296 
5154THR:  Int_t \
  597 632 617 605 572 658 605 565 605 539  \
  514 600 566 574 662 625 
5154MDS:  Int_t \
  2579 2569 2582 2583 2558 2582 2583 2582 2587 2574  \
  2592 2580 2576 2568 2596 2588 
5155CHS:  Int_t \
  1240 1240 1241 1241 1242 1242 1243 1243 1244 1244  \
  1245 1245 1246 1246 1247 1247 
5155PUT:  Int_t \
  302 296 301 294 297 305 308 299 300 306  \
  304 308 300 304 295 301 
5155THR:  Int_t \
  564 607 580 619 581 627 551 516 579 567  \
  647 652 555 650 580 600 
5155MDS:  Int_t \
  2582 2583 2573 2593 2585 2584 2580 2588 2576 2585  \
  2570 2583 2576 2576 2586 2585 
5156CHS:  Int_t \
  1248 1248 1249 1249 1250 1250 1251 1251 1252 1252  \
  1253 1253 1254 1254 1255 1255 
5156PUT:  Int_t \
  298 304 305 304 296 297 305 302 301 302  \
  294 296 303 302 297 301 
5156THR:  Int_t \
  573 669 610 610 603 603 630 639 526 563  \
  595 543 573 649 587 626 
5156MDS:  Int_t \
  2575 2567 2568 2575 2572 2583 2579 2564 2575 2568  \
  2593 2575 2583 2576 2579 2577 
5157CHS:  Int_t \
  1256 1256 1257 1257 1258 1258 1259 1259 1260 1260  \
  1261 1261 1262 1262 1263 1263 
5157PUT:  Int_t \
  304 306 296 305 294 295 301 300 302 308  \
  303 303 308 301 301 293 
5157THR:  Int_t \
  673 610 551 548 545 650 503 644 579 567  \
  623 547 579 585 606 639 
5157MDS:  Int_t \
  2582 2585 2577 2572 2572 2586 2582 2590 2577 2581  \
  2565 2592 2570 2577 2569 2567 
5158CHS:  Int_t \
  1264 1264 1265 1265 1266 1266 1267 1267 1268 1268  \
  1269 1269 1270 1270 1271 1271 
5158PUT:  Int_t \
  294 304 303 301 299 298 300 303 299 296  \
  299 303 299 298 303 298 
5158THR:  Int_t \
  576 609 520 605 607 578 509 554 552 541  \
  625 550 585 598 514 603 
5158MDS:  Int_t \
  2587 2585 2582 2581 2585 2586 2574 2578 2596 2592  \
  2576 2593 2570 2581 2579 2589 
5159CHS:  Int_t \
  1272 1272 1273 1273 1274 1274 1275 1275 1276 1276  \
  1277 1277 1278 1278 1279 1279 
5159PUT:  Int_t \
  298 299 304 302 300 294 306 293 297 299  \
  295 305 296 300 305 299 
5159THR:  Int_t \
  623 591 595 642 580 594 606 572 642 543  \
  605 666 548 659 568 588 
5159MDS:  Int_t \
  2594 2593 2568 2591 2585 2569 2579 2574 2569 2592  \
  2608 2577 2575 2581 2589 2597 
5160CHS:  Int_t \
  1280 1280 1281 1281 1282 1282 1283 1283 1284 1284  \
  1285 1285 1286 1286 1287 1287 
5160PUT:  Int_t \
  301 300 307 298 299 308 297 298 305 293  \
  300 296 310 304 300 300 
5160THR:  Int_t \
  584 592 559 581 546 589 549 629 620 631  \
  491 644 636 605 599 612 
5160MDS:  Int_t \
  2569 2565 2571 2559 2593 2590 2575 2579 2566 2598  \
  2590 2565 2578 2581 2558 2582 
5161CHS:  Int_t \
  1288 1288 1289 1289 1290 1290 1291 1291 1292 1292  \
  1293 1293 1294 1294 1295 1295 
5161PUT:  Int_t \
  299 294 303 303 292 295 306 296 301 304  \
  300 296 303 300 302 302 
5161THR:  Int_t \
  560 522 602 536 643 588 624 585 646 569  \
  596 591 543 595 618 635 
5161MDS:  Int_t \
  2582 2589 2576 2586 2595 2567 2564 2583 2565 2591  \
  2599 2566 2595 2576 2583 2575 
5162CHS:  Int_t \
  1296 1296 1297 1297 1298 1298 1299 1299 1300 1300  \
  1301 1301 1302 1302 1303 1303 
5162PUT:  Int_t \
  296 304 301 296 294 300 300 300 293 300  \
  297 305 303 300 305 300 
5162THR:  Int_t \
  602 615 583 586 552 639 611 582 531 677  \
  634 605 626 559 620 625 
5162MDS:  Int_t \
  2586 2560 2569 2575 2547 2585 2569 2563 2584 2565  \
  2582 2562 2570 2586 2566 2569 
5163CHS:  Int_t \
  1304 1304 1305 1305 1306 1306 1307 1307 1308 1308  \
  1309 1309 1310 1310 1311 1311 
5163PUT:  Int_t \
  304 299 302 298 302 305 302 302 293 299  \
  289 298 294 298 303 297 
5163THR:  Int_t \
  685 624 589 592 574 555 545 672 582 584  \
  561 616 678 651 576 590 
5163MDS:  Int_t \
  2580 2574 2578 2570 2613 2576 2567 2588 2564 2585  \
  2585 2588 2580 2566 2587 2578 
5164CHS:  Int_t \
  1312 1312 1313 1313 1314 1314 1315 1315 1316 1316  \
  1317 1317 1318 1318 1319 1319 
5164PUT:  Int_t \
  300 291 294 299 294 299 294 294 303 300  \
  296 298 298 302 302 302 
5164THR:  Int_t \
  596 548 582 635 596 666 600 608 601 563  \
  655 592 610 578 571 684 
5164MDS:  Int_t \
  2571 2584 2586 2582 2576 2596 2563 2572 2583 2556  \
  2582 2574 2570 2570 2584 2580 
5165CHS:  Int_t \
  1320 1320 1321 1321 1322 1322 1323 1323 1324 1324  \
  1325 1325 1326 1326 1327 1327 
5165PUT:  Int_t \
  299 292 293 300 299 304 301 300 299 298  \
  297 304 296 305 295 306 
5165THR:  Int_t \
  618 578 547 594 641 588 605 686 581 557  \
  577 574 575 599 612 624 
5165MDS:  Int_t \
  2569 2587 2585 2560 2570 2569 2588 2588 2580 2569  \
  2580 2563 2589 2600 2564 2581 
5166CHS:  Int_t \
  1328 1328 1329 1329 1330 1330 1331 1331 1332 1332  \
  1333 1333 1334 1334 1335 1335 
5166PUT:  Int_t \
  302 296 299 295 297 296 301 297 300 302  \
  302 296 296 300 297 295 
5166THR:  Int_t \
  623 598 574 621 649 561 555 539 652 657  \
  589 589 629 574 582 592 
5166MDS:  Int_t \
  2577 2573 2574 2581 2582 2586 2587 2578 2574 2575  \
  2604 2586 2593 2589 2582 2573 
5167CHS:  Int_t \
  1336 1336 1337 1337 1338 1338 1339 1339 1340 1340  \
  1341 1341 1342 1342 1343 1343 
5167PUT:  Int_t \
  293 299 295 296 295 297 296 300 300 302  \
  304 297 298 301 303 300 
5167THR:  Int_t \
  574 638 540 601 601 600 662 624 698 601  \
  584 548 558 675 592 644 
5167MDS:  Int_t \
  2593 2561 2568 2590 2590 2584 2579 2581 2584 2586  \
  2572 2578 2589 2580 2582 2594 
5168CHS:  Int_t \
  1344 1344 1345 1345 1346 1346 1347 1347 1348 1348  \
  1349 1349 1350 1350 1351 1351 
5168PUT:  Int_t \
  297 304 294 296 296 300 303 303 303 301  \
  302 295 301 299 298 301 
5168THR:  Int_t \
  613 567 597 648 613 611 674 649 563 599  \
  565 595 555 620 652 609 
5168MDS:  Int_t \
  2580 2587 2590 2571 2586 2573 2570 2558 2576 2584  \
  2595 2570 2567 2578 2576 2579 
5169CHS:  Int_t \
  1352 1352 1353 1353 1354 1354 1355 1355 1356 1356  \
  1357 1357 1358 1358 1359 1359 
5169PUT:  Int_t \
  297 300 295 300 299 301 306 302 294 300  \
  298 301 299 301 298 299 
5169THR:  Int_t \
  570 556 599 563 636 621 614 630 627 632  \
  608 558 606 554 554 655 
5169MDS:  Int_t \
  2598 2571 2592 2591 2576 2592 2581 2575 2602 2573  \
  2570 2581 2566 2589 2561 2569 
5170CHS:  Int_t \
  1360 1360 1361 1361 1362 1362 1363 1363 1364 1364  \
  1365 1365 1366 1366 1367 1367 
5170PUT:  Int_t \
  295 303 295 306 299 300 301 302 299 292  \
  302 296 296 298 295 300 
5170THR:  Int_t \
  631 586 618 597 559 593 585 554 566 650  \
  597 541 538 554 579 586 
5170MDS:  Int_t \
  2572 2592 2574 2580 2562 2576 2581 2587 2575 2568  \
  2569 2567 2574 2577 2585 2591 
5171CHS:  Int_t \
  1368 1368 1369 1369 1370 1370 1371 1371 1372 1372  \
  1373 1373 1374 1374 1375 1375 
5171PUT:  Int_t \
  299 298 296 312 300 296 299 301 298 304  \
  302 296 292 304 303 294 
5171THR:  Int_t \
  578 629 501 609 575 568 614 634 578 618  \
  615 570 612 509 669 617 
5171MDS:  Int_t \
  2571 2567 2571 2577 2582 2569 2562 2605 2584 2594  \
  2572 2575 2586 2575 2578 2590 
5172CHS:  Int_t \
  1376 1376 1377 1377 1378 1378 1379 1379 1380 1380  \
  1381 1381 1382 1382 1383 1383 
5172PUT:  Int_t \
  296 300 302 300 299 299 297 295 296 301  \
  292 297 293 303 301 297 
5172THR:  Int_t \
  533 605 654 585 576 635 613 528 628 628  \
  554 638 672 588 641 597 
5172MDS:  Int_t \
  2592 2595 2591 2583 2575 2586 2567 2564 2592 2575  \
  2591 2576 2574 2563 2592 2589 
5173CHS:  Int_t \
  1384 1384 1385 1385 1386 1386 1387 1387 1388 1388  \
  1389 1389 1390 1390 1391 1391 
5173PUT:  Int_t \
  295 299 294 306 293 304 301 296 299 300  \
  300 297 297 299 297 297 
5173THR:  Int_t \
  625 579 654 560 576 619 620 537 572 539  \
  680 592 566 585 610 599 
5173MDS:  Int_t \
  2594 2598 2587 2587 2583 2577 2585 2567 2571 2591  \
  2575 2562 2563 2592 2583 2569 
5174CHS:  Int_t \
  1392 1392 1393 1393 1394 1394 1395 1395 1396 1396  \
  1397 1397 1398 1398 1399 1399 
5174PUT:  Int_t \
  303 293 294 300 302 299 307 300 302 296  \
  302 304 302 301 303 304 
5174THR:  Int_t \
  591 610 626 628 581 579 612 553 648 551  \
  565 607 606 592 612 582 
5174MDS:  Int_t \
  2555 2596 2583 2588 2580 2539 2583 2577 2577 2589  \
  2575 2599 2578 2572 2584 2579 
5175CHS:  Int_t \
  1400 1400 1401 1401 1402 1402 1403 1403 1404 1404  \
  1405 1405 1406 1406 1407 1407 
5175PUT:  Int_t \
  302 299 305 299 300 299 296 294 299 302  \
  309 305 294 304 305 296 
5175THR:  Int_t \
  544 601 554 609 571 544 624 609 552 579  \
  582 647 603 643 648 546 
5175MDS:  Int_t \
  2590 2583 2581 2580 2589 2579 2565 2549 2580 2573  \
  2572 2579 2574 2565 2577 2571 
5176CHS:  Int_t \
  1408 1408 1409 1409 1410 1410 1411 1411 1412 1412  \
  1413 1413 1414 1414 1415 1415 
5176PUT:  Int_t \
  302 307 298 304 298 307 297 298 301 302  \
  300 296 293 301 304 300 
5176THR:  Int_t \
  589 694 634 555 602 599 648 575 636 584  \
  659 546 587 621 584 570 
5176MDS:  Int_t \
  2575 2569 2592 2575 2580 2594 2579 2582 2584 2579  \
  2568 2575 2577 2574 2595 2582 
5177CHS:  Int_t \
  1416 1416 1417 1417 1418 1418 1419 1419 1420 1420  \
  1421 1421 1422 1422 1423 1423 
5177PUT:  Int_t \
  302 303 309 299 298 302 302 300 301 293  \
  297 302 298 300 303 298 
5177THR:  Int_t \
  609 596 612 546 564 621 510 570 612 638  \
  642 560 643 638 685 516 
5177MDS:  Int_t \
  2584 2577 2577 2583 2575 2573 2570 2568 2573 2577  \
  2571 2575 2597 2589 2575 2584 
5178CHS:  Int_t \
  1424 1424 1425 1425 1426 1426 1427 1427 1428 1428  \
  1429 1429 1430 1430 1431 1431 
5178PUT:  Int_t \
  300 300 295 302 299 310 299 302 299 294  \
  299 292 300 297 294 301 
5178THR:  Int_t \
  561 606 648 646 675 557 528 586 663 563  \
  546 553 633 548 631 632 
5178MDS:  Int_t \
  2569 2573 2585 2564 2572 2568 2582 2572 2574 2566  \
  2588 2578 2579 2596 2589 2565 
5179CHS:  Int_t \
  1432 1432 1433 1433 1434 1434 1435 1435 1436 1436  \
  1437 1437 1438 1438 1439 1439 
5179PUT:  Int_t \
  294 304 298 297 305 303 302 302 301 297  \
  299 300 299 304 309 300 
5179THR:  Int_t \
  646 632 607 601 611 623 585 625 600 594  \
  596 578 617 563 589 492 
5179MDS:  Int_t \
  2561 2588 2581 2586 2570 2566 2574 2568 2568 2575  \
  2580 2577 2597 2602 2564 2583 
21:  Int_t  21000 
37:  Int_t  37000 
53:  Int_t  53000 
69:  Int_t  69000 
##############################################################################
##############################################################################
# Class:   CbmTrdParSetDigi
# Context: TestDefaultContext
##############################################################################
[CbmTrdParSetDigi]
//----------------------------------------------------------------------------
NrOfModules:  Int_t  5 
MaxSectors:  Int_t  3 
ModuleIdArray:  Int_t \
  5 21 37 53 69 
5:  Double_t \
  0 0.3 0.4 0.15 0 0 126.6 27 27.9 0.6  \
  54 5.58 0.75 2.79 54 44.64 0.75 2.79 54 5.58  \
  0.75 2.79 
21:  Double_t \
  2 0.25 0.35 0.375 -14.1209 0 150.6 46 46 0.6  \
  92 30.5 0.71875 15.25 92 31 0.71875 15.5 92 30.5  \
  0.71875 15.25 
37:  Double_t \
  1 0.25 0.35 0.375 -9.41395 0 172.6 46 46 0.6  \
  92 30.5 0.71875 15.25 92 31 0.71875 15.5 92 30.5  \
  0.71875 15.25 
53:  Double_t \
  2 0.25 0.35 0.375 -4.70698 0 194.6 46 46 0.6  \
  92 30.5 0.71875 15.25 92 31 0.71875 15.5 92 30.5  \
  0.71875 15.25 
69:  Double_t \
  1 0.25 0.35 0.375 0 0 216.6 46 46 0.6  \
  92 30.5 0.71875 15.25 92 31 0.71875 15.5 92 30.5  \
  0.71875 15.25 
##############################################################################
##############################################################################
# Class:   CbmTrdParSetGas
# Context: TestDefaultContext
##############################################################################
[CbmTrdParSetGas]
//----------------------------------------------------------------------------
Repository:  Text_t \
  trd/data/gasMapAr.root
NrOfModules:  Int_t  5 
ModuleIdArray:  Int_t \
  5 21 37 53 69 
5:  Int_t \
  2000 800 
21:  Int_t \
  1650 600 
37:  Int_t \
  1650 600 
53:  Int_t \
  1650 600 
69:  Int_t \
  1650 600 
##############################################################################
##############################################################################
# Class:   CbmTrdParSetGain
# Context: TestDefaultContext
##############################################################################
[CbmTrdParSetGain]
//----------------------------------------------------------------------------
NrOfModules:  Int_t  5 
ModuleIdArray:  Int_t \
  5 21 37 53 69 
