##############################################################################
# Class:   CbmTrdDigiPar
# Context: TestDefaultContext
##############################################################################
[CbmTrdDigiPar]
//----------------------------------------------------------------------------
NrOfModules:  Int_t  278 
MaxSectors:  Int_t  3 
ModuleIdArray:  Int_t \
  5 21 37 53 69 261 277 293 309 325  \
  517 533 549 565 581 773 789 805 821 837  \
  1029 1045 1061 1077 1093 1285 1301 1317 1333 1349  \
  1541 1557 1573 1589 1605 1797 1813 1829 1845 1861  \
  2053 2069 2085 2101 2117 2309 2325 2341 2357 2373  \
  2565 2581 2597 2613 2629 2821 2837 2853 2869 2885  \
  3077 3093 3109 3125 3141 3333 3349 3365 3381 3397  \
  3589 3605 3621 3637 3653 3845 3861 3877 3893 3909  \
  4101 4117 4133 4149 4165 4357 4373 4389 4405 4421  \
  4613 4629 4645 4661 4677 4869 4885 4901 4917 4933  \
  5125 5141 5157 5173 5189 5381 5397 5413 5429 5445  \
  5637 5653 5669 5685 5701 5893 5909 5925 5941 5957  \
  6149 6165 6181 6197 6213 6405 6421 6437 6453 6469  \
  6661 6677 6693 6709 6725 6917 6933 6949 6965 6981  \
  7173 7189 7205 7221 7237 7429 7445 7461 7477 7493  \
  7685 7701 7717 7733 7749 7941 7957 7973 7989 8005  \
  8197 8213 8229 8245 8261 8453 8469 8485 8501 8517  \
  8709 8725 8741 8757 8773 8965 8981 8997 9013 9029  \
  9221 9237 9253 9269 9285 9477 9493 9509 9525 9541  \
  9733 9749 9765 9781 9797 9989 10005 10021 10037 10053  \
  10245 10261 10277 10293 10309 10501 10517 10533 10549 10565  \
  10757 10773 10789 10805 10821 11013 11029 11045 11061 11077  \
  11269 11285 11301 11317 11333 11525 11541 11557 11573 11589  \
  11781 11797 11813 11829 11845 12037 12053 12069 12085 12101  \
  12293 12309 12325 12341 12357 12549 12565 12581 12597 12613  \
  12869 13125 13381 13637 13893 14149 14405 14661 14917 15173  \
  15429 15685 15941 16197 16453 16709 16965 17221 17477 17733  \
  17989 18245 18501 18757 19013 19269 19525 19781 
5:  Double_t \
  0 -57 -57 441.6 27 27 0.6 54 6 0.675  \
  1.5 54 42 0.675 1.75 54 6 0.675 1.5 
21:  Double_t \
  3 -57 -57 486.6 27 27 0.6 54 6 0.675  \
  1.5 54 42 0.675 1.75 54 6 0.675 1.5 
37:  Double_t \
  0 -57 -57 531.6 27 27 0.6 54 6 0.675  \
  1.5 54 42 0.675 1.75 54 6 0.675 1.5 
53:  Double_t \
  3 -57 -57 576.6 27 27 0.6 54 6 0.675  \
  1.5 54 42 0.675 1.75 54 6 0.675 1.5 
69:  Double_t \
  0 -57 -57 626.6 27 27 0.6 54 6 0.675  \
  1.5 54 42 0.675 1.75 54 6 0.675 1.5 
261:  Double_t \
  0 0 -57 441.6 27 27 0.6 54 6 0.675  \
  1.5 54 42 0.675 1.75 54 6 0.675 1.5 
277:  Double_t \
  1 0 -57 486.6 27 27 0.6 54 6 0.675  \
  1.5 54 42 0.675 1.75 54 6 0.675 1.5 
293:  Double_t \
  0 0 -57 531.6 27 27 0.6 54 6 0.675  \
  1.5 54 42 0.675 1.75 54 6 0.675 1.5 
309:  Double_t \
  1 0 -57 576.6 27 27 0.6 54 6 0.675  \
  1.5 54 42 0.675 1.75 54 6 0.675 1.5 
325:  Double_t \
  0 0 -57 626.6 27 27 0.6 54 6 0.675  \
  1.5 54 42 0.675 1.75 54 6 0.675 1.5 
517:  Double_t \
  0 57 -57 441.6 27 27 0.6 54 6 0.675  \
  1.5 54 42 0.675 1.75 54 6 0.675 1.5 
533:  Double_t \
  1 57 -57 486.6 27 27 0.6 54 6 0.675  \
  1.5 54 42 0.675 1.75 54 6 0.675 1.5 
549:  Double_t \
  0 57 -57 531.6 27 27 0.6 54 6 0.675  \
  1.5 54 42 0.675 1.75 54 6 0.675 1.5 
565:  Double_t \
  1 57 -57 576.6 27 27 0.6 54 6 0.675  \
  1.5 54 42 0.675 1.75 54 6 0.675 1.5 
581:  Double_t \
  0 57 -57 626.6 27 27 0.6 54 6 0.675  \
  1.5 54 42 0.675 1.75 54 6 0.675 1.5 
773:  Double_t \
  0 -57 0 441.6 27 27 0.6 54 6 0.675  \
  1.5 54 42 0.675 1.75 54 6 0.675 1.5 
789:  Double_t \
  3 -57 0 486.6 27 27 0.6 54 6 0.675  \
  1.5 54 42 0.675 1.75 54 6 0.675 1.5 
805:  Double_t \
  0 -57 0 531.6 27 27 0.6 54 6 0.675  \
  1.5 54 42 0.675 1.75 54 6 0.675 1.5 
821:  Double_t \
  3 -57 0 576.6 27 27 0.6 54 6 0.675  \
  1.5 54 42 0.675 1.75 54 6 0.675 1.5 
837:  Double_t \
  0 -57 0 626.6 27 27 0.6 54 6 0.675  \
  1.5 54 42 0.675 1.75 54 6 0.675 1.5 
1029:  Double_t \
  0 57 0 441.6 27 27 0.6 54 6 0.675  \
  1.5 54 42 0.675 1.75 54 6 0.675 1.5 
1045:  Double_t \
  1 57 0 486.6 27 27 0.6 54 6 0.675  \
  1.5 54 42 0.675 1.75 54 6 0.675 1.5 
1061:  Double_t \
  0 57 0 531.6 27 27 0.6 54 6 0.675  \
  1.5 54 42 0.675 1.75 54 6 0.675 1.5 
1077:  Double_t \
  1 57 0 576.6 27 27 0.6 54 6 0.675  \
  1.5 54 42 0.675 1.75 54 6 0.675 1.5 
1093:  Double_t \
  0 57 0 626.6 27 27 0.6 54 6 0.675  \
  1.5 54 42 0.675 1.75 54 6 0.675 1.5 
1285:  Double_t \
  2 -57 57 441.6 27 27 0.6 54 6 0.675  \
  1.5 54 42 0.675 1.75 54 6 0.675 1.5 
1301:  Double_t \
  3 -57 57 486.6 27 27 0.6 54 6 0.675  \
  1.5 54 42 0.675 1.75 54 6 0.675 1.5 
1317:  Double_t \
  2 -57 57 531.6 27 27 0.6 54 6 0.675  \
  1.5 54 42 0.675 1.75 54 6 0.675 1.5 
1333:  Double_t \
  3 -57 57 576.6 27 27 0.6 54 6 0.675  \
  1.5 54 42 0.675 1.75 54 6 0.675 1.5 
1349:  Double_t \
  2 -57 57 626.6 27 27 0.6 54 6 0.675  \
  1.5 54 42 0.675 1.75 54 6 0.675 1.5 
1541:  Double_t \
  2 0 57 441.6 27 27 0.6 54 6 0.675  \
  1.5 54 42 0.675 1.75 54 6 0.675 1.5 
1557:  Double_t \
  1 0 57 486.6 27 27 0.6 54 6 0.675  \
  1.5 54 42 0.675 1.75 54 6 0.675 1.5 
1573:  Double_t \
  2 0 57 531.6 27 27 0.6 54 6 0.675  \
  1.5 54 42 0.675 1.75 54 6 0.675 1.5 
1589:  Double_t \
  1 0 57 576.6 27 27 0.6 54 6 0.675  \
  1.5 54 42 0.675 1.75 54 6 0.675 1.5 
1605:  Double_t \
  2 0 57 626.6 27 27 0.6 54 6 0.675  \
  1.5 54 42 0.675 1.75 54 6 0.675 1.5 
1797:  Double_t \
  2 57 57 441.6 27 27 0.6 54 6 0.675  \
  1.5 54 42 0.675 1.75 54 6 0.675 1.5 
1813:  Double_t \
  1 57 57 486.6 27 27 0.6 54 6 0.675  \
  1.5 54 42 0.675 1.75 54 6 0.675 1.5 
1829:  Double_t \
  2 57 57 531.6 27 27 0.6 54 6 0.675  \
  1.5 54 42 0.675 1.75 54 6 0.675 1.5 
1845:  Double_t \
  1 57 57 576.6 27 27 0.6 54 6 0.675  \
  1.5 54 42 0.675 1.75 54 6 0.675 1.5 
1861:  Double_t \
  2 57 57 626.6 27 27 0.6 54 6 0.675  \
  1.5 54 42 0.675 1.75 54 6 0.675 1.5 
2053:  Double_t \
  0 -114 -57 441.6 27 27 0.6 54 13 0.675  \
  3.25 54 28 0.675 3.5 54 13 0.675 3.25 
2069:  Double_t \
  3 -114 -57 486.6 27 27 0.6 54 13 0.675  \
  3.25 54 28 0.675 3.5 54 13 0.675 3.25 
2085:  Double_t \
  0 -114 -57 531.6 27 27 0.6 54 13 0.675  \
  3.25 54 28 0.675 3.5 54 13 0.675 3.25 
2101:  Double_t \
  3 -114 -57 576.6 27 27 0.6 54 13 0.675  \
  3.25 54 28 0.675 3.5 54 13 0.675 3.25 
2117:  Double_t \
  0 -114 -57 626.6 27 27 0.6 54 13 0.675  \
  3.25 54 28 0.675 3.5 54 13 0.675 3.25 
2309:  Double_t \
  0 114 -57 441.6 27 27 0.6 54 13 0.675  \
  3.25 54 28 0.675 3.5 54 13 0.675 3.25 
2325:  Double_t \
  1 114 -57 486.6 27 27 0.6 54 13 0.675  \
  3.25 54 28 0.675 3.5 54 13 0.675 3.25 
2341:  Double_t \
  0 114 -57 531.6 27 27 0.6 54 13 0.675  \
  3.25 54 28 0.675 3.5 54 13 0.675 3.25 
2357:  Double_t \
  1 114 -57 576.6 27 27 0.6 54 13 0.675  \
  3.25 54 28 0.675 3.5 54 13 0.675 3.25 
2373:  Double_t \
  0 114 -57 626.6 27 27 0.6 54 13 0.675  \
  3.25 54 28 0.675 3.5 54 13 0.675 3.25 
2565:  Double_t \
  0 -114 0 441.6 27 27 0.6 54 13 0.675  \
  3.25 54 28 0.675 3.5 54 13 0.675 3.25 
2581:  Double_t \
  3 -114 0 486.6 27 27 0.6 54 13 0.675  \
  3.25 54 28 0.675 3.5 54 13 0.675 3.25 
2597:  Double_t \
  0 -114 0 531.6 27 27 0.6 54 13 0.675  \
  3.25 54 28 0.675 3.5 54 13 0.675 3.25 
2613:  Double_t \
  3 -114 0 576.6 27 27 0.6 54 13 0.675  \
  3.25 54 28 0.675 3.5 54 13 0.675 3.25 
2629:  Double_t \
  0 -114 0 626.6 27 27 0.6 54 13 0.675  \
  3.25 54 28 0.675 3.5 54 13 0.675 3.25 
2821:  Double_t \
  0 114 0 441.6 27 27 0.6 54 13 0.675  \
  3.25 54 28 0.675 3.5 54 13 0.675 3.25 
2837:  Double_t \
  1 114 0 486.6 27 27 0.6 54 13 0.675  \
  3.25 54 28 0.675 3.5 54 13 0.675 3.25 
2853:  Double_t \
  0 114 0 531.6 27 27 0.6 54 13 0.675  \
  3.25 54 28 0.675 3.5 54 13 0.675 3.25 
2869:  Double_t \
  1 114 0 576.6 27 27 0.6 54 13 0.675  \
  3.25 54 28 0.675 3.5 54 13 0.675 3.25 
2885:  Double_t \
  0 114 0 626.6 27 27 0.6 54 13 0.675  \
  3.25 54 28 0.675 3.5 54 13 0.675 3.25 
3077:  Double_t \
  2 -114 57 441.6 27 27 0.6 54 13 0.675  \
  3.25 54 28 0.675 3.5 54 13 0.675 3.25 
3093:  Double_t \
  3 -114 57 486.6 27 27 0.6 54 13 0.675  \
  3.25 54 28 0.675 3.5 54 13 0.675 3.25 
3109:  Double_t \
  2 -114 57 531.6 27 27 0.6 54 13 0.675  \
  3.25 54 28 0.675 3.5 54 13 0.675 3.25 
3125:  Double_t \
  3 -114 57 576.6 27 27 0.6 54 13 0.675  \
  3.25 54 28 0.675 3.5 54 13 0.675 3.25 
3141:  Double_t \
  2 -114 57 626.6 27 27 0.6 54 13 0.675  \
  3.25 54 28 0.675 3.5 54 13 0.675 3.25 
3333:  Double_t \
  2 114 57 441.6 27 27 0.6 54 13 0.675  \
  3.25 54 28 0.675 3.5 54 13 0.675 3.25 
3349:  Double_t \
  1 114 57 486.6 27 27 0.6 54 13 0.675  \
  3.25 54 28 0.675 3.5 54 13 0.675 3.25 
3365:  Double_t \
  2 114 57 531.6 27 27 0.6 54 13 0.675  \
  3.25 54 28 0.675 3.5 54 13 0.675 3.25 
3381:  Double_t \
  1 114 57 576.6 27 27 0.6 54 13 0.675  \
  3.25 54 28 0.675 3.5 54 13 0.675 3.25 
3397:  Double_t \
  2 114 57 626.6 27 27 0.6 54 13 0.675  \
  3.25 54 28 0.675 3.5 54 13 0.675 3.25 
3589:  Double_t \
  0 -114 -114 441.6 27 27 0.6 54 13.5 0.675  \
  6.75 54 27 0.675 6.75 54 13.5 0.675 6.75 
3605:  Double_t \
  3 -114 -114 486.6 27 27 0.6 54 13.5 0.675  \
  6.75 54 27 0.675 6.75 54 13.5 0.675 6.75 
3621:  Double_t \
  0 -114 -114 531.6 27 27 0.6 54 13.5 0.675  \
  6.75 54 27 0.675 6.75 54 13.5 0.675 6.75 
3637:  Double_t \
  3 -114 -114 576.6 27 27 0.6 54 13.5 0.675  \
  6.75 54 27 0.675 6.75 54 13.5 0.675 6.75 
3653:  Double_t \
  0 -114 -114 626.6 27 27 0.6 54 13.5 0.675  \
  6.75 54 27 0.675 6.75 54 13.5 0.675 6.75 
3845:  Double_t \
  0 -57 -114 441.6 27 27 0.6 54 13.5 0.675  \
  6.75 54 27 0.675 6.75 54 13.5 0.675 6.75 
3861:  Double_t \
  3 -57 -114 486.6 27 27 0.6 54 13.5 0.675  \
  6.75 54 27 0.675 6.75 54 13.5 0.675 6.75 
3877:  Double_t \
  0 -57 -114 531.6 27 27 0.6 54 13.5 0.675  \
  6.75 54 27 0.675 6.75 54 13.5 0.675 6.75 
3893:  Double_t \
  3 -57 -114 576.6 27 27 0.6 54 13.5 0.675  \
  6.75 54 27 0.675 6.75 54 13.5 0.675 6.75 
3909:  Double_t \
  0 -57 -114 626.6 27 27 0.6 54 13.5 0.675  \
  6.75 54 27 0.675 6.75 54 13.5 0.675 6.75 
4101:  Double_t \
  0 0 -114 441.6 27 27 0.6 54 13.5 0.675  \
  6.75 54 27 0.675 6.75 54 13.5 0.675 6.75 
4117:  Double_t \
  1 0 -114 486.6 27 27 0.6 54 13.5 0.675  \
  6.75 54 27 0.675 6.75 54 13.5 0.675 6.75 
4133:  Double_t \
  0 0 -114 531.6 27 27 0.6 54 13.5 0.675  \
  6.75 54 27 0.675 6.75 54 13.5 0.675 6.75 
4149:  Double_t \
  1 0 -114 576.6 27 27 0.6 54 13.5 0.675  \
  6.75 54 27 0.675 6.75 54 13.5 0.675 6.75 
4165:  Double_t \
  0 0 -114 626.6 27 27 0.6 54 13.5 0.675  \
  6.75 54 27 0.675 6.75 54 13.5 0.675 6.75 
4357:  Double_t \
  0 57 -114 441.6 27 27 0.6 54 13.5 0.675  \
  6.75 54 27 0.675 6.75 54 13.5 0.675 6.75 
4373:  Double_t \
  1 57 -114 486.6 27 27 0.6 54 13.5 0.675  \
  6.75 54 27 0.675 6.75 54 13.5 0.675 6.75 
4389:  Double_t \
  0 57 -114 531.6 27 27 0.6 54 13.5 0.675  \
  6.75 54 27 0.675 6.75 54 13.5 0.675 6.75 
4405:  Double_t \
  1 57 -114 576.6 27 27 0.6 54 13.5 0.675  \
  6.75 54 27 0.675 6.75 54 13.5 0.675 6.75 
4421:  Double_t \
  0 57 -114 626.6 27 27 0.6 54 13.5 0.675  \
  6.75 54 27 0.675 6.75 54 13.5 0.675 6.75 
4613:  Double_t \
  0 114 -114 441.6 27 27 0.6 54 13.5 0.675  \
  6.75 54 27 0.675 6.75 54 13.5 0.675 6.75 
4629:  Double_t \
  1 114 -114 486.6 27 27 0.6 54 13.5 0.675  \
  6.75 54 27 0.675 6.75 54 13.5 0.675 6.75 
4645:  Double_t \
  0 114 -114 531.6 27 27 0.6 54 13.5 0.675  \
  6.75 54 27 0.675 6.75 54 13.5 0.675 6.75 
4661:  Double_t \
  1 114 -114 576.6 27 27 0.6 54 13.5 0.675  \
  6.75 54 27 0.675 6.75 54 13.5 0.675 6.75 
4677:  Double_t \
  0 114 -114 626.6 27 27 0.6 54 13.5 0.675  \
  6.75 54 27 0.675 6.75 54 13.5 0.675 6.75 
4869:  Double_t \
  2 -114 114 441.6 27 27 0.6 54 13.5 0.675  \
  6.75 54 27 0.675 6.75 54 13.5 0.675 6.75 
4885:  Double_t \
  3 -114 114 486.6 27 27 0.6 54 13.5 0.675  \
  6.75 54 27 0.675 6.75 54 13.5 0.675 6.75 
4901:  Double_t \
  2 -114 114 531.6 27 27 0.6 54 13.5 0.675  \
  6.75 54 27 0.675 6.75 54 13.5 0.675 6.75 
4917:  Double_t \
  3 -114 114 576.6 27 27 0.6 54 13.5 0.675  \
  6.75 54 27 0.675 6.75 54 13.5 0.675 6.75 
4933:  Double_t \
  2 -114 114 626.6 27 27 0.6 54 13.5 0.675  \
  6.75 54 27 0.675 6.75 54 13.5 0.675 6.75 
5125:  Double_t \
  2 -57 114 441.6 27 27 0.6 54 13.5 0.675  \
  6.75 54 27 0.675 6.75 54 13.5 0.675 6.75 
5141:  Double_t \
  3 -57 114 486.6 27 27 0.6 54 13.5 0.675  \
  6.75 54 27 0.675 6.75 54 13.5 0.675 6.75 
5157:  Double_t \
  2 -57 114 531.6 27 27 0.6 54 13.5 0.675  \
  6.75 54 27 0.675 6.75 54 13.5 0.675 6.75 
5173:  Double_t \
  3 -57 114 576.6 27 27 0.6 54 13.5 0.675  \
  6.75 54 27 0.675 6.75 54 13.5 0.675 6.75 
5189:  Double_t \
  2 -57 114 626.6 27 27 0.6 54 13.5 0.675  \
  6.75 54 27 0.675 6.75 54 13.5 0.675 6.75 
5381:  Double_t \
  2 0 114 441.6 27 27 0.6 54 13.5 0.675  \
  6.75 54 27 0.675 6.75 54 13.5 0.675 6.75 
5397:  Double_t \
  1 0 114 486.6 27 27 0.6 54 13.5 0.675  \
  6.75 54 27 0.675 6.75 54 13.5 0.675 6.75 
5413:  Double_t \
  2 0 114 531.6 27 27 0.6 54 13.5 0.675  \
  6.75 54 27 0.675 6.75 54 13.5 0.675 6.75 
5429:  Double_t \
  1 0 114 576.6 27 27 0.6 54 13.5 0.675  \
  6.75 54 27 0.675 6.75 54 13.5 0.675 6.75 
5445:  Double_t \
  2 0 114 626.6 27 27 0.6 54 13.5 0.675  \
  6.75 54 27 0.675 6.75 54 13.5 0.675 6.75 
5637:  Double_t \
  2 57 114 441.6 27 27 0.6 54 13.5 0.675  \
  6.75 54 27 0.675 6.75 54 13.5 0.675 6.75 
5653:  Double_t \
  1 57 114 486.6 27 27 0.6 54 13.5 0.675  \
  6.75 54 27 0.675 6.75 54 13.5 0.675 6.75 
5669:  Double_t \
  2 57 114 531.6 27 27 0.6 54 13.5 0.675  \
  6.75 54 27 0.675 6.75 54 13.5 0.675 6.75 
5685:  Double_t \
  1 57 114 576.6 27 27 0.6 54 13.5 0.675  \
  6.75 54 27 0.675 6.75 54 13.5 0.675 6.75 
5701:  Double_t \
  2 57 114 626.6 27 27 0.6 54 13.5 0.675  \
  6.75 54 27 0.675 6.75 54 13.5 0.675 6.75 
5893:  Double_t \
  2 114 114 441.6 27 27 0.6 54 13.5 0.675  \
  6.75 54 27 0.675 6.75 54 13.5 0.675 6.75 
5909:  Double_t \
  1 114 114 486.6 27 27 0.6 54 13.5 0.675  \
  6.75 54 27 0.675 6.75 54 13.5 0.675 6.75 
5925:  Double_t \
  2 114 114 531.6 27 27 0.6 54 13.5 0.675  \
  6.75 54 27 0.675 6.75 54 13.5 0.675 6.75 
5941:  Double_t \
  1 114 114 576.6 27 27 0.6 54 13.5 0.675  \
  6.75 54 27 0.675 6.75 54 13.5 0.675 6.75 
5957:  Double_t \
  2 114 114 626.6 27 27 0.6 54 13.5 0.675  \
  6.75 54 27 0.675 6.75 54 13.5 0.675 6.75 
6149:  Double_t \
  0 -190 -95 441.6 46 46 0.6 92 35 0.821429  \
  5 92 22 0.821429 5.5 92 35 0.821429 5 
6165:  Double_t \
  3 -190 -95 486.6 46 46 0.6 92 35 0.821429  \
  5 92 22 0.821429 5.5 92 35 0.821429 5 
6181:  Double_t \
  0 -190 -95 531.6 46 46 0.6 92 35 0.821429  \
  5 92 22 0.821429 5.5 92 35 0.821429 5 
6197:  Double_t \
  3 -190 -95 576.6 46 46 0.6 92 35 0.821429  \
  5 92 22 0.821429 5.5 92 35 0.821429 5 
6213:  Double_t \
  0 -190 -95 626.6 46 46 0.6 92 35 0.821429  \
  5 92 22 0.821429 5.5 92 35 0.821429 5 
6405:  Double_t \
  0 190 -95 441.6 46 46 0.6 92 35 0.821429  \
  5 92 22 0.821429 5.5 92 35 0.821429 5 
6421:  Double_t \
  1 190 -95 486.6 46 46 0.6 92 35 0.821429  \
  5 92 22 0.821429 5.5 92 35 0.821429 5 
6437:  Double_t \
  0 190 -95 531.6 46 46 0.6 92 35 0.821429  \
  5 92 22 0.821429 5.5 92 35 0.821429 5 
6453:  Double_t \
  1 190 -95 576.6 46 46 0.6 92 35 0.821429  \
  5 92 22 0.821429 5.5 92 35 0.821429 5 
6469:  Double_t \
  0 190 -95 626.6 46 46 0.6 92 35 0.821429  \
  5 92 22 0.821429 5.5 92 35 0.821429 5 
6661:  Double_t \
  0 -190 0 441.6 46 46 0.6 92 35 0.821429  \
  5 92 22 0.821429 5.5 92 35 0.821429 5 
6677:  Double_t \
  3 -190 0 486.6 46 46 0.6 92 35 0.821429  \
  5 92 22 0.821429 5.5 92 35 0.821429 5 
6693:  Double_t \
  0 -190 0 531.6 46 46 0.6 92 35 0.821429  \
  5 92 22 0.821429 5.5 92 35 0.821429 5 
6709:  Double_t \
  3 -190 0 576.6 46 46 0.6 92 35 0.821429  \
  5 92 22 0.821429 5.5 92 35 0.821429 5 
6725:  Double_t \
  0 -190 0 626.6 46 46 0.6 92 35 0.821429  \
  5 92 22 0.821429 5.5 92 35 0.821429 5 
6917:  Double_t \
  0 190 0 441.6 46 46 0.6 92 35 0.821429  \
  5 92 22 0.821429 5.5 92 35 0.821429 5 
6933:  Double_t \
  1 190 0 486.6 46 46 0.6 92 35 0.821429  \
  5 92 22 0.821429 5.5 92 35 0.821429 5 
6949:  Double_t \
  0 190 0 531.6 46 46 0.6 92 35 0.821429  \
  5 92 22 0.821429 5.5 92 35 0.821429 5 
6965:  Double_t \
  1 190 0 576.6 46 46 0.6 92 35 0.821429  \
  5 92 22 0.821429 5.5 92 35 0.821429 5 
6981:  Double_t \
  0 190 0 626.6 46 46 0.6 92 35 0.821429  \
  5 92 22 0.821429 5.5 92 35 0.821429 5 
7173:  Double_t \
  2 -190 95 441.6 46 46 0.6 92 35 0.821429  \
  5 92 22 0.821429 5.5 92 35 0.821429 5 
7189:  Double_t \
  3 -190 95 486.6 46 46 0.6 92 35 0.821429  \
  5 92 22 0.821429 5.5 92 35 0.821429 5 
7205:  Double_t \
  2 -190 95 531.6 46 46 0.6 92 35 0.821429  \
  5 92 22 0.821429 5.5 92 35 0.821429 5 
7221:  Double_t \
  3 -190 95 576.6 46 46 0.6 92 35 0.821429  \
  5 92 22 0.821429 5.5 92 35 0.821429 5 
7237:  Double_t \
  2 -190 95 626.6 46 46 0.6 92 35 0.821429  \
  5 92 22 0.821429 5.5 92 35 0.821429 5 
7429:  Double_t \
  2 190 95 441.6 46 46 0.6 92 35 0.821429  \
  5 92 22 0.821429 5.5 92 35 0.821429 5 
7445:  Double_t \
  1 190 95 486.6 46 46 0.6 92 35 0.821429  \
  5 92 22 0.821429 5.5 92 35 0.821429 5 
7461:  Double_t \
  2 190 95 531.6 46 46 0.6 92 35 0.821429  \
  5 92 22 0.821429 5.5 92 35 0.821429 5 
7477:  Double_t \
  1 190 95 576.6 46 46 0.6 92 35 0.821429  \
  5 92 22 0.821429 5.5 92 35 0.821429 5 
7493:  Double_t \
  2 190 95 626.6 46 46 0.6 92 35 0.821429  \
  5 92 22 0.821429 5.5 92 35 0.821429 5 
7685:  Double_t \
  0 -95 -190 441.6 46 46 0.6 92 15 0.821429  \
  7.5 92 62 0.821429 7.75 92 15 0.821429 7.5 
7701:  Double_t \
  3 -95 -190 486.6 46 46 0.6 92 15 0.821429  \
  7.5 92 62 0.821429 7.75 92 15 0.821429 7.5 
7717:  Double_t \
  0 -95 -190 531.6 46 46 0.6 92 15 0.821429  \
  7.5 92 62 0.821429 7.75 92 15 0.821429 7.5 
7733:  Double_t \
  3 -95 -190 576.6 46 46 0.6 92 15 0.821429  \
  7.5 92 62 0.821429 7.75 92 15 0.821429 7.5 
7749:  Double_t \
  0 -95 -190 626.6 46 46 0.6 92 15 0.821429  \
  7.5 92 62 0.821429 7.75 92 15 0.821429 7.5 
7941:  Double_t \
  0 0 -190 441.6 46 46 0.6 92 15 0.821429  \
  7.5 92 62 0.821429 7.75 92 15 0.821429 7.5 
7957:  Double_t \
  1 0 -190 486.6 46 46 0.6 92 15 0.821429  \
  7.5 92 62 0.821429 7.75 92 15 0.821429 7.5 
7973:  Double_t \
  0 0 -190 531.6 46 46 0.6 92 15 0.821429  \
  7.5 92 62 0.821429 7.75 92 15 0.821429 7.5 
7989:  Double_t \
  1 0 -190 576.6 46 46 0.6 92 15 0.821429  \
  7.5 92 62 0.821429 7.75 92 15 0.821429 7.5 
8005:  Double_t \
  0 0 -190 626.6 46 46 0.6 92 15 0.821429  \
  7.5 92 62 0.821429 7.75 92 15 0.821429 7.5 
8197:  Double_t \
  0 95 -190 441.6 46 46 0.6 92 15 0.821429  \
  7.5 92 62 0.821429 7.75 92 15 0.821429 7.5 
8213:  Double_t \
  1 95 -190 486.6 46 46 0.6 92 15 0.821429  \
  7.5 92 62 0.821429 7.75 92 15 0.821429 7.5 
8229:  Double_t \
  0 95 -190 531.6 46 46 0.6 92 15 0.821429  \
  7.5 92 62 0.821429 7.75 92 15 0.821429 7.5 
8245:  Double_t \
  1 95 -190 576.6 46 46 0.6 92 15 0.821429  \
  7.5 92 62 0.821429 7.75 92 15 0.821429 7.5 
8261:  Double_t \
  0 95 -190 626.6 46 46 0.6 92 15 0.821429  \
  7.5 92 62 0.821429 7.75 92 15 0.821429 7.5 
8453:  Double_t \
  0 -285 0 441.6 46 46 0.6 92 15 0.821429  \
  7.5 92 62 0.821429 7.75 92 15 0.821429 7.5 
8469:  Double_t \
  3 -285 0 486.6 46 46 0.6 92 15 0.821429  \
  7.5 92 62 0.821429 7.75 92 15 0.821429 7.5 
8485:  Double_t \
  0 -285 0 531.6 46 46 0.6 92 15 0.821429  \
  7.5 92 62 0.821429 7.75 92 15 0.821429 7.5 
8501:  Double_t \
  3 -285 0 576.6 46 46 0.6 92 15 0.821429  \
  7.5 92 62 0.821429 7.75 92 15 0.821429 7.5 
8517:  Double_t \
  0 -285 -95 626.6 46 46 0.6 92 15 0.821429  \
  7.5 92 62 0.821429 7.75 92 15 0.821429 7.5 
8709:  Double_t \
  0 285 0 441.6 46 46 0.6 92 15 0.821429  \
  7.5 92 62 0.821429 7.75 92 15 0.821429 7.5 
8725:  Double_t \
  1 285 0 486.6 46 46 0.6 92 15 0.821429  \
  7.5 92 62 0.821429 7.75 92 15 0.821429 7.5 
8741:  Double_t \
  0 285 0 531.6 46 46 0.6 92 15 0.821429  \
  7.5 92 62 0.821429 7.75 92 15 0.821429 7.5 
8757:  Double_t \
  1 285 0 576.6 46 46 0.6 92 15 0.821429  \
  7.5 92 62 0.821429 7.75 92 15 0.821429 7.5 
8773:  Double_t \
  0 285 -95 626.6 46 46 0.6 92 15 0.821429  \
  7.5 92 62 0.821429 7.75 92 15 0.821429 7.5 
8965:  Double_t \
  2 -95 190 441.6 46 46 0.6 92 15 0.821429  \
  7.5 92 62 0.821429 7.75 92 15 0.821429 7.5 
8981:  Double_t \
  3 -95 190 486.6 46 46 0.6 92 15 0.821429  \
  7.5 92 62 0.821429 7.75 92 15 0.821429 7.5 
8997:  Double_t \
  2 -95 190 531.6 46 46 0.6 92 15 0.821429  \
  7.5 92 62 0.821429 7.75 92 15 0.821429 7.5 
9013:  Double_t \
  3 -95 190 576.6 46 46 0.6 92 15 0.821429  \
  7.5 92 62 0.821429 7.75 92 15 0.821429 7.5 
9029:  Double_t \
  0 -285 0 626.6 46 46 0.6 92 15 0.821429  \
  7.5 92 62 0.821429 7.75 92 15 0.821429 7.5 
9221:  Double_t \
  2 0 190 441.6 46 46 0.6 92 15 0.821429  \
  7.5 92 62 0.821429 7.75 92 15 0.821429 7.5 
9237:  Double_t \
  1 0 190 486.6 46 46 0.6 92 15 0.821429  \
  7.5 92 62 0.821429 7.75 92 15 0.821429 7.5 
9253:  Double_t \
  2 0 190 531.6 46 46 0.6 92 15 0.821429  \
  7.5 92 62 0.821429 7.75 92 15 0.821429 7.5 
9269:  Double_t \
  1 0 190 576.6 46 46 0.6 92 15 0.821429  \
  7.5 92 62 0.821429 7.75 92 15 0.821429 7.5 
9285:  Double_t \
  0 285 0 626.6 46 46 0.6 92 15 0.821429  \
  7.5 92 62 0.821429 7.75 92 15 0.821429 7.5 
9477:  Double_t \
  2 95 190 441.6 46 46 0.6 92 15 0.821429  \
  7.5 92 62 0.821429 7.75 92 15 0.821429 7.5 
9493:  Double_t \
  1 95 190 486.6 46 46 0.6 92 15 0.821429  \
  7.5 92 62 0.821429 7.75 92 15 0.821429 7.5 
9509:  Double_t \
  2 95 190 531.6 46 46 0.6 92 15 0.821429  \
  7.5 92 62 0.821429 7.75 92 15 0.821429 7.5 
9525:  Double_t \
  1 95 190 576.6 46 46 0.6 92 15 0.821429  \
  7.5 92 62 0.821429 7.75 92 15 0.821429 7.5 
9541:  Double_t \
  2 -285 95 626.6 46 46 0.6 92 15 0.821429  \
  7.5 92 62 0.821429 7.75 92 15 0.821429 7.5 
9733:  Double_t \
  0 -285 -190 441.6 46 46 0.6 92 30.5 0.821429  \
  15.25 92 31 0.821429 15.5 92 30.5 0.821429 15.25 
9749:  Double_t \
  3 -285 -190 486.6 46 46 0.6 92 30.5 0.821429  \
  15.25 92 31 0.821429 15.5 92 30.5 0.821429 15.25 
9765:  Double_t \
  0 -285 -190 531.6 46 46 0.6 92 30.5 0.821429  \
  15.25 92 31 0.821429 15.5 92 30.5 0.821429 15.25 
9781:  Double_t \
  3 -285 -190 576.6 46 46 0.6 92 30.5 0.821429  \
  15.25 92 31 0.821429 15.5 92 30.5 0.821429 15.25 
9797:  Double_t \
  2 285 95 626.6 46 46 0.6 92 15 0.821429  \
  7.5 92 62 0.821429 7.75 92 15 0.821429 7.5 
9989:  Double_t \
  0 -190 -190 441.6 46 46 0.6 92 30.5 0.821429  \
  15.25 92 31 0.821429 15.5 92 30.5 0.821429 15.25 
10005:  Double_t \
  3 -190 -190 486.6 46 46 0.6 92 30.5 0.821429  \
  15.25 92 31 0.821429 15.5 92 30.5 0.821429 15.25 
10021:  Double_t \
  0 -190 -190 531.6 46 46 0.6 92 30.5 0.821429  \
  15.25 92 31 0.821429 15.5 92 30.5 0.821429 15.25 
10037:  Double_t \
  3 -190 -190 576.6 46 46 0.6 92 30.5 0.821429  \
  15.25 92 31 0.821429 15.5 92 30.5 0.821429 15.25 
10053:  Double_t \
  2 -95 190 626.6 46 46 0.6 92 15 0.821429  \
  7.5 92 62 0.821429 7.75 92 15 0.821429 7.5 
10245:  Double_t \
  0 190 -190 441.6 46 46 0.6 92 30.5 0.821429  \
  15.25 92 31 0.821429 15.5 92 30.5 0.821429 15.25 
10261:  Double_t \
  1 190 -190 486.6 46 46 0.6 92 30.5 0.821429  \
  15.25 92 31 0.821429 15.5 92 30.5 0.821429 15.25 
10277:  Double_t \
  0 190 -190 531.6 46 46 0.6 92 30.5 0.821429  \
  15.25 92 31 0.821429 15.5 92 30.5 0.821429 15.25 
10293:  Double_t \
  1 190 -190 576.6 46 46 0.6 92 30.5 0.821429  \
  15.25 92 31 0.821429 15.5 92 30.5 0.821429 15.25 
10309:  Double_t \
  2 0 190 626.6 46 46 0.6 92 15 0.821429  \
  7.5 92 62 0.821429 7.75 92 15 0.821429 7.5 
10501:  Double_t \
  0 285 -190 441.6 46 46 0.6 92 30.5 0.821429  \
  15.25 92 31 0.821429 15.5 92 30.5 0.821429 15.25 
10517:  Double_t \
  1 285 -190 486.6 46 46 0.6 92 30.5 0.821429  \
  15.25 92 31 0.821429 15.5 92 30.5 0.821429 15.25 
10533:  Double_t \
  0 285 -190 531.6 46 46 0.6 92 30.5 0.821429  \
  15.25 92 31 0.821429 15.5 92 30.5 0.821429 15.25 
10549:  Double_t \
  1 285 -190 576.6 46 46 0.6 92 30.5 0.821429  \
  15.25 92 31 0.821429 15.5 92 30.5 0.821429 15.25 
10565:  Double_t \
  2 95 190 626.6 46 46 0.6 92 15 0.821429  \
  7.5 92 62 0.821429 7.75 92 15 0.821429 7.5 
10757:  Double_t \
  0 -285 -95 441.6 46 46 0.6 92 30.5 0.821429  \
  15.25 92 31 0.821429 15.5 92 30.5 0.821429 15.25 
10773:  Double_t \
  3 -285 -95 486.6 46 46 0.6 92 30.5 0.821429  \
  15.25 92 31 0.821429 15.5 92 30.5 0.821429 15.25 
10789:  Double_t \
  0 -285 -95 531.6 46 46 0.6 92 30.5 0.821429  \
  15.25 92 31 0.821429 15.5 92 30.5 0.821429 15.25 
10805:  Double_t \
  3 -285 -95 576.6 46 46 0.6 92 30.5 0.821429  \
  15.25 92 31 0.821429 15.5 92 30.5 0.821429 15.25 
10821:  Double_t \
  0 -380 -285 626.6 46 46 0.6 92 30.5 0.821429  \
  15.25 92 31 0.821429 15.5 92 30.5 0.821429 15.25 
11013:  Double_t \
  0 285 -95 441.6 46 46 0.6 92 30.5 0.821429  \
  15.25 92 31 0.821429 15.5 92 30.5 0.821429 15.25 
11029:  Double_t \
  1 285 -95 486.6 46 46 0.6 92 30.5 0.821429  \
  15.25 92 31 0.821429 15.5 92 30.5 0.821429 15.25 
11045:  Double_t \
  0 285 -95 531.6 46 46 0.6 92 30.5 0.821429  \
  15.25 92 31 0.821429 15.5 92 30.5 0.821429 15.25 
11061:  Double_t \
  1 285 -95 576.6 46 46 0.6 92 30.5 0.821429  \
  15.25 92 31 0.821429 15.5 92 30.5 0.821429 15.25 
11077:  Double_t \
  0 -285 -285 626.6 46 46 0.6 92 30.5 0.821429  \
  15.25 92 31 0.821429 15.5 92 30.5 0.821429 15.25 
11269:  Double_t \
  2 -285 95 441.6 46 46 0.6 92 30.5 0.821429  \
  15.25 92 31 0.821429 15.5 92 30.5 0.821429 15.25 
11285:  Double_t \
  3 -285 95 486.6 46 46 0.6 92 30.5 0.821429  \
  15.25 92 31 0.821429 15.5 92 30.5 0.821429 15.25 
11301:  Double_t \
  2 -285 95 531.6 46 46 0.6 92 30.5 0.821429  \
  15.25 92 31 0.821429 15.5 92 30.5 0.821429 15.25 
11317:  Double_t \
  3 -285 95 576.6 46 46 0.6 92 30.5 0.821429  \
  15.25 92 31 0.821429 15.5 92 30.5 0.821429 15.25 
11333:  Double_t \
  0 -190 -285 626.6 46 46 0.6 92 30.5 0.821429  \
  15.25 92 31 0.821429 15.5 92 30.5 0.821429 15.25 
11525:  Double_t \
  2 285 95 441.6 46 46 0.6 92 30.5 0.821429  \
  15.25 92 31 0.821429 15.5 92 30.5 0.821429 15.25 
11541:  Double_t \
  1 285 95 486.6 46 46 0.6 92 30.5 0.821429  \
  15.25 92 31 0.821429 15.5 92 30.5 0.821429 15.25 
11557:  Double_t \
  2 285 95 531.6 46 46 0.6 92 30.5 0.821429  \
  15.25 92 31 0.821429 15.5 92 30.5 0.821429 15.25 
11573:  Double_t \
  1 285 95 576.6 46 46 0.6 92 30.5 0.821429  \
  15.25 92 31 0.821429 15.5 92 30.5 0.821429 15.25 
11589:  Double_t \
  0 -95 -285 626.6 46 46 0.6 92 30.5 0.821429  \
  15.25 92 31 0.821429 15.5 92 30.5 0.821429 15.25 
11781:  Double_t \
  2 -285 190 441.6 46 46 0.6 92 30.5 0.821429  \
  15.25 92 31 0.821429 15.5 92 30.5 0.821429 15.25 
11797:  Double_t \
  3 -285 190 486.6 46 46 0.6 92 30.5 0.821429  \
  15.25 92 31 0.821429 15.5 92 30.5 0.821429 15.25 
11813:  Double_t \
  2 -285 190 531.6 46 46 0.6 92 30.5 0.821429  \
  15.25 92 31 0.821429 15.5 92 30.5 0.821429 15.25 
11829:  Double_t \
  3 -285 190 576.6 46 46 0.6 92 30.5 0.821429  \
  15.25 92 31 0.821429 15.5 92 30.5 0.821429 15.25 
11845:  Double_t \
  0 0 -285 626.6 46 46 0.6 92 30.5 0.821429  \
  15.25 92 31 0.821429 15.5 92 30.5 0.821429 15.25 
12037:  Double_t \
  2 -190 190 441.6 46 46 0.6 92 30.5 0.821429  \
  15.25 92 31 0.821429 15.5 92 30.5 0.821429 15.25 
12053:  Double_t \
  3 -190 190 486.6 46 46 0.6 92 30.5 0.821429  \
  15.25 92 31 0.821429 15.5 92 30.5 0.821429 15.25 
12069:  Double_t \
  2 -190 190 531.6 46 46 0.6 92 30.5 0.821429  \
  15.25 92 31 0.821429 15.5 92 30.5 0.821429 15.25 
12085:  Double_t \
  3 -190 190 576.6 46 46 0.6 92 30.5 0.821429  \
  15.25 92 31 0.821429 15.5 92 30.5 0.821429 15.25 
12101:  Double_t \
  0 95 -285 626.6 46 46 0.6 92 30.5 0.821429  \
  15.25 92 31 0.821429 15.5 92 30.5 0.821429 15.25 
12293:  Double_t \
  2 190 190 441.6 46 46 0.6 92 30.5 0.821429  \
  15.25 92 31 0.821429 15.5 92 30.5 0.821429 15.25 
12309:  Double_t \
  1 190 190 486.6 46 46 0.6 92 30.5 0.821429  \
  15.25 92 31 0.821429 15.5 92 30.5 0.821429 15.25 
12325:  Double_t \
  2 190 190 531.6 46 46 0.6 92 30.5 0.821429  \
  15.25 92 31 0.821429 15.5 92 30.5 0.821429 15.25 
12341:  Double_t \
  1 190 190 576.6 46 46 0.6 92 30.5 0.821429  \
  15.25 92 31 0.821429 15.5 92 30.5 0.821429 15.25 
12357:  Double_t \
  0 190 -285 626.6 46 46 0.6 92 30.5 0.821429  \
  15.25 92 31 0.821429 15.5 92 30.5 0.821429 15.25 
12549:  Double_t \
  2 285 190 441.6 46 46 0.6 92 30.5 0.821429  \
  15.25 92 31 0.821429 15.5 92 30.5 0.821429 15.25 
12565:  Double_t \
  1 285 190 486.6 46 46 0.6 92 30.5 0.821429  \
  15.25 92 31 0.821429 15.5 92 30.5 0.821429 15.25 
12581:  Double_t \
  2 285 190 531.6 46 46 0.6 92 30.5 0.821429  \
  15.25 92 31 0.821429 15.5 92 30.5 0.821429 15.25 
12597:  Double_t \
  1 285 190 576.6 46 46 0.6 92 30.5 0.821429  \
  15.25 92 31 0.821429 15.5 92 30.5 0.821429 15.25 
12613:  Double_t \
  0 285 -285 626.6 46 46 0.6 92 30.5 0.821429  \
  15.25 92 31 0.821429 15.5 92 30.5 0.821429 15.25 
12869:  Double_t \
  0 380 -285 626.6 46 46 0.6 92 30.5 0.821429  \
  15.25 92 31 0.821429 15.5 92 30.5 0.821429 15.25 
13125:  Double_t \
  0 -380 -190 626.6 46 46 0.6 92 30.5 0.821429  \
  15.25 92 31 0.821429 15.5 92 30.5 0.821429 15.25 
13381:  Double_t \
  0 -285 -190 626.6 46 46 0.6 92 30.5 0.821429  \
  15.25 92 31 0.821429 15.5 92 30.5 0.821429 15.25 
13637:  Double_t \
  0 -190 -190 626.6 46 46 0.6 92 30.5 0.821429  \
  15.25 92 31 0.821429 15.5 92 30.5 0.821429 15.25 
13893:  Double_t \
  0 190 -190 626.6 46 46 0.6 92 30.5 0.821429  \
  15.25 92 31 0.821429 15.5 92 30.5 0.821429 15.25 
14149:  Double_t \
  0 285 -190 626.6 46 46 0.6 92 30.5 0.821429  \
  15.25 92 31 0.821429 15.5 92 30.5 0.821429 15.25 
14405:  Double_t \
  0 380 -190 626.6 46 46 0.6 92 30.5 0.821429  \
  15.25 92 31 0.821429 15.5 92 30.5 0.821429 15.25 
14661:  Double_t \
  0 -380 -95 626.6 46 46 0.6 92 30.5 0.821429  \
  15.25 92 31 0.821429 15.5 92 30.5 0.821429 15.25 
14917:  Double_t \
  0 380 -95 626.6 46 46 0.6 92 30.5 0.821429  \
  15.25 92 31 0.821429 15.5 92 30.5 0.821429 15.25 
15173:  Double_t \
  0 -380 0 626.6 46 46 0.6 92 30.5 0.821429  \
  15.25 92 31 0.821429 15.5 92 30.5 0.821429 15.25 
15429:  Double_t \
  0 380 0 626.6 46 46 0.6 92 30.5 0.821429  \
  15.25 92 31 0.821429 15.5 92 30.5 0.821429 15.25 
15685:  Double_t \
  2 -380 95 626.6 46 46 0.6 92 30.5 0.821429  \
  15.25 92 31 0.821429 15.5 92 30.5 0.821429 15.25 
15941:  Double_t \
  2 380 95 626.6 46 46 0.6 92 30.5 0.821429  \
  15.25 92 31 0.821429 15.5 92 30.5 0.821429 15.25 
16197:  Double_t \
  2 -380 190 626.6 46 46 0.6 92 30.5 0.821429  \
  15.25 92 31 0.821429 15.5 92 30.5 0.821429 15.25 
16453:  Double_t \
  2 -285 190 626.6 46 46 0.6 92 30.5 0.821429  \
  15.25 92 31 0.821429 15.5 92 30.5 0.821429 15.25 
16709:  Double_t \
  2 -190 190 626.6 46 46 0.6 92 30.5 0.821429  \
  15.25 92 31 0.821429 15.5 92 30.5 0.821429 15.25 
16965:  Double_t \
  2 190 190 626.6 46 46 0.6 92 30.5 0.821429  \
  15.25 92 31 0.821429 15.5 92 30.5 0.821429 15.25 
17221:  Double_t \
  2 285 190 626.6 46 46 0.6 92 30.5 0.821429  \
  15.25 92 31 0.821429 15.5 92 30.5 0.821429 15.25 
17477:  Double_t \
  2 380 190 626.6 46 46 0.6 92 30.5 0.821429  \
  15.25 92 31 0.821429 15.5 92 30.5 0.821429 15.25 
17733:  Double_t \
  2 -380 285 626.6 46 46 0.6 92 30.5 0.821429  \
  15.25 92 31 0.821429 15.5 92 30.5 0.821429 15.25 
17989:  Double_t \
  2 -285 285 626.6 46 46 0.6 92 30.5 0.821429  \
  15.25 92 31 0.821429 15.5 92 30.5 0.821429 15.25 
18245:  Double_t \
  2 -190 285 626.6 46 46 0.6 92 30.5 0.821429  \
  15.25 92 31 0.821429 15.5 92 30.5 0.821429 15.25 
18501:  Double_t \
  2 -95 285 626.6 46 46 0.6 92 30.5 0.821429  \
  15.25 92 31 0.821429 15.5 92 30.5 0.821429 15.25 
18757:  Double_t \
  2 0 285 626.6 46 46 0.6 92 30.5 0.821429  \
  15.25 92 31 0.821429 15.5 92 30.5 0.821429 15.25 
19013:  Double_t \
  2 95 285 626.6 46 46 0.6 92 30.5 0.821429  \
  15.25 92 31 0.821429 15.5 92 30.5 0.821429 15.25 
19269:  Double_t \
  2 190 285 626.6 46 46 0.6 92 30.5 0.821429  \
  15.25 92 31 0.821429 15.5 92 30.5 0.821429 15.25 
19525:  Double_t \
  2 285 285 626.6 46 46 0.6 92 30.5 0.821429  \
  15.25 92 31 0.821429 15.5 92 30.5 0.821429 15.25 
19781:  Double_t \
  2 380 285 626.6 46 46 0.6 92 30.5 0.821429  \
  15.25 92 31 0.821429 15.5 92 30.5 0.821429 15.25 