##############################################################################
# Class:   CbmTrdDigiPar
# Context: TestDefaultContext
##############################################################################
[CbmTrdDigiPar]
//----------------------------------------------------------------------------
NrOfModules:  Int_t  5 
MaxSectors:  Int_t  3 
ModuleIdArray:  Int_t \
  5 21 37 53 69 
5:  Double_t \
  2 0 0.25 0.35 0.375 -14.1209 0 150.6 46 46  \
  0.6 92 30.5 0.71875 15.25 92 31 0.71875 15.5 92  \
  30.5 0.71875 15.25 
21:  Double_t \
  1 0 0.25 0.35 0.375 -9.41395 0 172.6 46 46  \
  0.6 92 30.5 0.71875 15.25 92 31 0.71875 15.5 92  \
  30.5 0.71875 15.25 
37:  Double_t \
  2 0 0.25 0.35 0.375 -4.70698 0 194.6 46 46  \
  0.6 92 30.5 0.71875 15.25 92 31 0.71875 15.5 92  \
  30.5 0.71875 15.25 
53:  Double_t \
  1 0 0.25 0.35 0.375 0 0 216.6 46 46  \
  0.6 92 30.5 0.71875 15.25 92 31 0.71875 15.5 92  \
  30.5 0.71875 15.25 
69:  Double_t \
  0 3 0.3 0.4 0.15 0 0 126.6 27 27.9  \
  0.6 54 5.58 0.75 2.79 54 44.64 0.75 2.79 54  \
  5.58 0.75 2.79 