0.00000000	0.00000000
0.09067797	0.09067797
-0.33707627	-0.33707627
0.43072032	0.43072032
0.00000000	0.00000000
-1.67584748	-1.67584748
-0.72076276	-0.72076276
-0.11546614	-0.11546614
-1.04745768	-1.04745768
-1.27118648	-1.27118648
-0.65296611	-0.65296611
0.29978812	0.29978812
-0.72457629	-0.72457629
-3.10423728	-3.10423728
1.07542369	1.07542369
0.90275419	0.90275419
0.00000000	0.00000000
-5.84194914	-5.84194914
-6.52415255	-6.52415255
-5.57161023	-5.57161023
-5.86546610	-5.86546610
-7.39788138	-7.39788138
-6.57563563	-6.57563563
-6.00593227	-6.00593227
-7.01355933	-7.01355933
-6.86313560	-6.86313560
-6.47266953	-6.47266953
-5.41991528	-5.41991528
-6.58898310	-6.58898310
-9.01059323	-9.01059323
-4.73326272	-4.73326272
-4.96716105	-4.96716105
0.00000000	0.00000000
0.00000000	0.00000000
3.24703390	3.24703390
4.22276594	4.22276594
3.74449153	3.74449153
2.35085103	2.35085103
3.14702126	3.14702126
0.00000000	0.00000000
0.00000000	0.00000000
2.79279657	2.79279657
3.22394065	3.22394065
4.09191489	4.09191489
3.22033898	3.22033898
0.88665251	0.88665251
5.11303414	5.11303414
4.87021273	4.87021273
-0.56334746	-0.56334746
-0.38389834	-0.38389834
-0.82542374	-0.82542374
0.00000000	0.00000000
0.00000000	0.00000000
-1.98813562	-1.98813562
-1.07309322	-1.07309322
-0.54618642	-0.54618642
-1.35296614	-1.35296614
-1.38516950	-1.38516950
0.00000000	0.00000000
-0.08474577	-0.08474577
-1.11716099	-1.11716099
-3.55720343	-3.55720343
0.67944912	0.67944912
0.51271183	0.51271183
-10.60127123	-10.60127123
-10.22584748	-10.22584748
-11.02309325	-11.02309325
-10.01483054	-10.01483054
-10.33262714	-10.33262714
-12.00826273	-12.00826273
-11.04703392	-11.04703392
-10.46779664	-10.46779664
-11.52754241	-11.52754241
-11.62923731	-11.62923731
0.00000000	0.00000000
-10.25084752	-10.25084752
-11.28432207	-11.28432207
-13.63538139	-13.63538139
0.00000000	0.00000000
-9.31864409	-9.31864409
-6.72012715	-6.72012715
-6.30000003	-6.30000003
-6.99131360	-6.99131360
-6.19406784	-6.19406784
-6.43453391	-6.43453391
-8.08368647	-8.08368647
-7.09661018	-7.09661018
-6.54025428	-6.54025428
-7.65699157	-7.65699157
-7.61822037	-7.61822037
-7.30487290	-7.30487290
-6.38029665	-6.38029665
-7.39894070	-7.39894070
-9.98559322	-9.98559322
-5.36165256	-5.36165256
-5.46843223	-5.46843223
0.00000000	0.00000000
-6.51504240	-6.51504240
-7.20169495	-7.20169495
-6.20423731	-6.20423731
-6.46461868	-6.46461868
-8.16144071	-8.16144071
-7.20084747	-7.20084747
-6.83050849	-6.83050849
-7.66122882	-7.66122882
-7.59067799	-7.59067799
-7.24491527	-7.24491527
-6.17372882	-6.17372882
-7.27478818	-7.27478818
-9.77097461	-9.77097461
-5.14237290	-5.14237290
-5.41271191	-5.41271191
-11.62838985	-11.62838985
-11.14300849	-11.14300849
-11.93347461	-11.93347461
-10.75402543	-10.75402543
-11.35614410	-11.35614410
-13.04745765	-13.04745765
-12.08495764	-12.08495764
-11.67796613	-11.67796613
-12.79661020	-12.79661020
-12.53813563	-12.53813563
-12.26588986	-12.26588986
-11.27478815	-11.27478815
-12.40423731	-12.40423731
-14.92584747	-14.92584747
0.00000000	0.00000000
-10.48686443	-10.48686443
0.00000000	0.00000000
0.00000000	0.00000000
0.00000000	0.00000000
0.00000000	0.00000000
0.00000000	0.00000000
0.00000000	0.00000000
0.00000000	0.00000000
0.00000000	0.00000000
0.00000000	0.00000000
0.00000000	0.00000000
0.00000000	0.00000000
0.00000000	0.00000000
0.00000000	0.00000000
0.00000000	0.00000000
0.00000000	0.00000000
0.00000000	0.00000000
0.00000000	0.00000000
0.00000000	0.00000000
0.00000000	0.00000000
0.00000000	0.00000000
0.00000000	0.00000000
0.00000000	0.00000000
0.00000000	0.00000000
0.00000000	0.00000000
0.00000000	0.00000000
0.00000000	0.00000000
0.00000000	0.00000000
0.00000000	0.00000000
0.00000000	0.00000000
0.00000000	0.00000000
0.00000000	0.00000000
0.00000000	0.00000000
0.00000000	0.00000000
0.00000000	0.00000000
0.00000000	0.00000000
0.00000000	0.00000000
0.00000000	0.00000000
0.00000000	0.00000000
0.00000000	0.00000000
0.00000000	0.00000000
0.00000000	0.00000000
0.00000000	0.00000000
0.00000000	0.00000000
0.00000000	0.00000000
0.00000000	0.00000000
0.00000000	0.00000000
0.00000000	0.00000000
0.00000000	0.00000000
0.00000000	0.00000000
0.00000000	0.00000000
0.00000000	0.00000000
0.00000000	0.00000000
0.00000000	0.00000000
0.00000000	0.00000000
0.00000000	0.00000000
0.00000000	0.00000000
0.00000000	0.00000000
0.00000000	0.00000000
0.00000000	0.00000000
0.00000000	0.00000000
0.00000000	0.00000000
0.00000000	0.00000000
0.00000000	0.00000000
0.00000000	0.00000000
0.00000000	0.00000000
0.00000000	0.00000000
0.00000000	0.00000000
0.00000000	0.00000000
0.00000000	0.00000000
0.00000000	0.00000000
0.00000000	0.00000000
0.00000000	0.00000000
0.00000000	0.00000000
0.00000000	0.00000000
0.00000000	0.00000000
0.00000000	0.00000000
0.00000000	0.00000000
0.00000000	0.00000000
0.00000000	0.00000000
0.00000000	0.00000000
0.00000000	0.00000000
0.00000000	0.00000000
0.00000000	0.00000000
0.00000000	0.00000000
0.00000000	0.00000000
0.00000000	0.00000000
0.00000000	0.00000000
0.00000000	0.00000000
0.00000000	0.00000000
0.00000000	0.00000000
0.00000000	0.00000000
0.00000000	0.00000000
0.00000000	0.00000000
0.00000000	0.00000000
0.00000000	0.00000000
0.00000000	0.00000000
0.00000000	0.00000000
0.00000000	0.00000000
0.00000000	0.00000000
0.00000000	0.00000000
0.00000000	0.00000000
0.00000000	0.00000000
0.00000000	0.00000000
0.00000000	0.00000000
0.00000000	0.00000000
0.00000000	0.00000000
0.00000000	0.00000000
0.00000000	0.00000000
0.00000000	0.00000000
0.00000000	0.00000000
0.00000000	0.00000000
0.00000000	0.00000000
0.00000000	0.00000000
0.00000000	0.00000000
0.00000000	0.00000000
0.00000000	0.00000000
0.00000000	0.00000000
0.00000000	0.00000000
0.00000000	0.00000000
0.00000000	0.00000000
0.00000000	0.00000000
0.00000000	0.00000000
0.00000000	0.00000000
0.00000000	0.00000000
0.00000000	0.00000000
0.00000000	0.00000000
0.00000000	0.00000000
0.00000000	0.00000000
-21.05762712	-21.05762712
-20.59300846	-20.59300846
-21.21355932	-21.21355932
-20.36588986	-20.36588986
-20.54343222	-20.54343222
-22.44830515	-22.44830515
-21.33474579	-21.33474579
-20.68707633	-20.68707633
-21.70000001	-21.70000001
-21.74491528	-21.74491528
-21.31080511	-21.31080511
-20.30423734	-20.30423734
-21.59110169	-21.59110169
-23.99851695	-23.99851695
-19.33665258	-19.33665258
-19.52500002	-19.52500002
-17.35466105	-17.35466105
-16.79512718	-16.79512718
-17.41758474	-17.41758474
-16.52182205	-16.52182205
-16.81504240	-16.81504240
-18.49427968	-18.49427968
-17.60572039	-17.60572039
-16.75889832	-16.75889832
-18.00169496	-18.00169496
-17.95338985	-17.95338985
-17.60211869	-17.60211869
-16.47944919	-16.47944919
-17.70741529	-17.70741529
-20.36334748	-20.36334748
-15.57203391	-15.57203391
-15.88347462	-15.88347462
-22.38262715	-22.38262715
0.00000000	0.00000000
-22.64555090	-22.64555090
-21.71567796	-21.71567796
-22.00932203	-22.00932203
-23.76927966	-23.76927966
-22.67415256	-22.67415256
-22.13877118	-22.13877118
-23.05444919	-23.05444919
-23.00402548	-23.00402548
-22.74449159	-22.74449159
-21.61483056	-21.61483056
-22.77224582	-22.77224582
-25.43893618	-25.43893618
-20.82648308	-20.82648308
-21.07097462	-21.07097462
-22.45338988	-22.45338988
-21.92478818	-21.92478818
-22.52224581	-22.52224581
-21.52139832	-21.52139832
-21.96991529	-21.96991529
-23.81927969	-23.81927969
-22.87499997	-22.87499997
-22.09216105	-22.09216105
-23.28411022	-23.28411022
-23.15317800	-23.15317800
-22.70953389	-22.70953389
-21.72542377	-21.72542377
-22.80889835	-22.80889835
-25.62198274	-25.62198274
-20.61652545	-20.61652545
-20.83961867	-20.83961867
-4.51927972	-4.51927972
0.00000000	0.00000000
-4.74216106	-4.74216106
-3.93559324	-3.93559324
-4.30169493	-4.30169493
-5.73622884	-5.73622884
-4.95000003	-4.95000003
-4.38389834	-4.38389834
-5.11122885	-5.11122885
-5.40677968	-5.40677968
-4.90042378	-4.90042378
-4.09576274	-4.09576274
-4.96440683	-4.96440683
-7.20720340	-7.20720340
-3.11885593	-3.11885593
-3.39639832	-3.39639832
-0.55762712	-0.55762712
-0.23686444	-0.23686444
-0.83580513	-0.83580513
-0.06567803	-0.06567803
0.00000000	0.00000000
-1.94639836	-1.94639836
-1.08771190	-1.08771190
0.00000000	0.00000000
0.00000000	0.00000000
-1.43072037	-1.43072037
-0.98114410	-0.98114410
-0.06652544	-0.06652544
-1.12457629	-1.12457629
-3.39533900	-3.39533900
0.70466102	0.70466102
0.56885590	0.56885590
-5.91822039	-5.91822039
-5.51461867	-5.51461867
-6.23622882	-6.23622882
-5.32457629	-5.32457629
-5.60847459	-5.60847459
-7.26694920	-7.26694920
-6.44533898	-6.44533898
-5.89088986	-5.89088986
-6.66080512	-6.66080512
-6.84512716	-6.84512716
-6.37966102	-6.37966102
-5.47182206	-5.47182206
-6.55911019	-6.55911019
-8.86186442	-8.86186442
-4.67817800	-4.67817800
-4.89364413	-4.89364413
-5.40995765	-5.40995765
-5.19025429	-5.19025429
-5.55762717	-5.55762717
-4.85593223	-4.85593223
-5.03919495	-5.03919495
-6.80466103	-6.80466103
-5.77733053	-5.77733053
-5.18665253	-5.18665253
-5.98559326	-5.98559326
-5.87648307	-5.87648307
-5.61843225	-5.61843225
-4.67838984	-4.67838984
-5.54046612	-5.54046612
-7.88644069	-7.88644069
-3.92796612	-3.92796612
-4.12754241	-4.12754241
0.00000000	0.00000000
0.00000000	0.00000000
0.00000000	0.00000000
0.00000000	0.00000000
0.00000000	0.00000000
0.00000000	0.00000000
0.00000000	0.00000000
0.00000000	0.00000000
0.00000000	0.00000000
0.00000000	0.00000000
0.00000000	0.00000000
0.00000000	0.00000000
0.00000000	0.00000000
0.00000000	0.00000000
0.00000000	0.00000000
0.00000000	0.00000000
0.00000000	0.00000000
0.00000000	0.00000000
0.00000000	0.00000000
0.00000000	0.00000000
0.00000000	0.00000000
0.00000000	0.00000000
0.00000000	0.00000000
0.00000000	0.00000000
0.00000000	0.00000000
0.00000000	0.00000000
0.00000000	0.00000000
0.00000000	0.00000000
0.00000000	0.00000000
0.00000000	0.00000000
0.00000000	0.00000000
0.00000000	0.00000000
0.00000000	0.00000000
0.00000000	0.00000000
0.00000000	0.00000000
0.00000000	0.00000000
0.00000000	0.00000000
0.00000000	0.00000000
0.00000000	0.00000000
0.00000000	0.00000000
0.00000000	0.00000000
0.00000000	0.00000000
0.00000000	0.00000000
0.00000000	0.00000000
0.00000000	0.00000000
0.00000000	0.00000000
0.00000000	0.00000000
0.00000000	0.00000000
0.00000000	0.00000000
0.00000000	0.00000000
0.00000000	0.00000000
0.00000000	0.00000000
0.00000000	0.00000000
0.00000000	0.00000000
0.00000000	0.00000000
0.00000000	0.00000000
0.00000000	0.00000000
0.00000000	0.00000000
0.00000000	0.00000000
0.00000000	0.00000000
0.00000000	0.00000000
0.00000000	0.00000000
0.00000000	0.00000000
0.00000000	0.00000000
0.00000000	0.00000000
0.00000000	0.00000000
0.00000000	0.00000000
0.00000000	0.00000000
0.00000000	0.00000000
0.00000000	0.00000000
0.00000000	0.00000000
0.00000000	0.00000000
0.00000000	0.00000000
0.00000000	0.00000000
0.00000000	0.00000000
0.00000000	0.00000000
0.00000000	0.00000000
0.00000000	0.00000000
0.00000000	0.00000000
0.00000000	0.00000000
0.00000000	0.00000000
0.00000000	0.00000000
0.00000000	0.00000000
0.00000000	0.00000000
0.00000000	0.00000000
0.00000000	0.00000000
0.00000000	0.00000000
0.00000000	0.00000000
0.00000000	0.00000000
0.00000000	0.00000000
0.00000000	0.00000000
0.00000000	0.00000000
0.00000000	0.00000000
0.00000000	0.00000000
0.00000000	0.00000000
0.00000000	0.00000000
0.00000000	0.00000000
0.00000000	0.00000000
0.00000000	0.00000000
0.00000000	0.00000000
0.00000000	0.00000000
0.00000000	0.00000000
0.00000000	0.00000000
0.00000000	0.00000000
0.00000000	0.00000000
0.00000000	0.00000000
0.00000000	0.00000000
0.00000000	0.00000000
0.00000000	0.00000000
0.00000000	0.00000000
0.00000000	0.00000000
0.00000000	0.00000000
0.00000000	0.00000000
0.00000000	0.00000000
0.00000000	0.00000000
0.00000000	0.00000000
0.00000000	0.00000000
0.00000000	0.00000000
0.00000000	0.00000000
0.00000000	0.00000000
0.00000000	0.00000000
0.00000000	0.00000000
0.00000000	0.00000000
0.00000000	0.00000000
0.00000000	0.00000000
0.00000000	0.00000000
0.00000000	0.00000000
0.00000000	0.00000000