:##############################################################################
# Class:   CbmFHodoUnpackPar
# Context: TestDefaultContext
##############################################################################
[CbmFHodoUnpackPar]
//----------------------------------------------------------------------------
NrOfRocs: Int_t 2
RocIdArray: Int_t \
  23533 24934
NrOfChannels: Int_t 128
ChannelToFiberMap: Int_t \
 0 32 16 48 15 47 31 63  1 33 \
17 49 14 46 30 62  2 34 18 50 \
13 45 29 61  3 35 19 51 12 44 \
28 60  4 36 20 52 11 43 27 59 \
 5 37 21 53 10 42 26 58  6 38 \
22 54  9 41 25 57  7 39 23 55 \
 8 40 24 56  0 32 16 48 15 47 \
31 63  1 33 17 49 14 46 30 62 \
 2 34 18 50 13 45 29 61  3 35 \
19 51 12 44 28 60  4 36 20 52 \
11 43 27 59  5 37 21 53 10 42 \
26 58  6 38 22 54  9 41 25 57 \
 7 39 23 55  8 40 24 56 
   0   1   2   3   4   5   6   7   8   9  10  11  12  13  14  15 \
   0   1   2   3   4   5   6   7   8   9  10  11  12  13  14  15 \
   0   1   2   3   4   5   6   7   8   9  10  11  12  13  14  15 \
   0   1   2   3   4   5   6   7   8   9  10  11  12  13  14  15 \
   0   1   2   3   4   5   6   7   8   9  10  11  12  13  14  15 \
   0   1   2   3   4   5   6   7   8   9  10  11  12  13  14  15 \
   0   1   2   3   4   5   6   7   8   9  10  11  12  13  14  15 \
   0   1   2   3   4   5   6   7   8   9  10  11  12  13  14  15 \
 \
   0   1   2   3   4   5   6   7   8   9  10  11  12  13  14  15 \
   0   1   2   3   4   5   6   7   8   9  10  11  12  13  14  15 \
   0   1   2   3   4   5   6   7   8   9  10  11  12  13  14  15 \
   0   1   2   3   4   5   6   7   8   9  10  11  12  13  14  15 \
   0   1   2   3   4   5   6   7   8   9  10  11  12  13  14  15 \
   0   1   2   3   4   5   6   7   8   9  10  11  12  13  14  15 \
   0   1   2   3   4   5   6   7   8   9  10  11  12  13  14  15 \
   0   1   2   3   4   5   6   7   8   9  10  11  12  13  14  15 \

ChannelToPixelMap: Int_t \
 1  5  3  7  2  6  4  8  9 13 \
11 15 10 14 12 16 17 21 19 23 \
18 22 20 24 25 29 27 31 26 30 \
28 32 33 37 35 39 34 38 36 40 \
41 45 43 47 42 46 44 48 49 53 \
51 55 50 54 52 56 57 61 59 63 \
58 62 60 64  1  5  3  7  2  6 \
 4  8  9 13 11 15 10 14 12 16 \
17 21 19 23 18 22 20 24 25 29 \
27 31 26 30 28 32 33 37 35 39 \
34 38 36 40 41 45 43 47 42 46 \
44 48 49 53 51 55 50 54 52 56 \
57 61 59 63 58 62 60 64 
ChannelToPlaneMap: Int_t \
 0  0  0  0  0  0  0  0  0  0 \
 0  0  0  0  0  0  0  0  0  0 \
 0  0  0  0  0  0  0  0  0  0 \
 0  0  0  0  0  0  0  0  0  0 \
 0  0  0  0  0  0  0  0  0  0 \
 0  0  0  0  0  0  0  0  0  0 \
 0  0  0  0  1  1  1  1  1  1 \
 1  1  1  1  1  1  1  1  1  1 \
 1  1  1  1  1  1  1  1  1  1 \
 1  1  1  1  1  1  1  1  1  1 \
 1  1  1  1  1  1  1  1  1  1 \
 1  1  1  1  1  1  1  1  1  1 \
 1  1  1  1  1  1  1  1 
#######################
