0.002102
0.003515
0.003180
0.004812
-0.000913
0.005480
0.003362
0.001193
-0.000688
0.000236
-0.001178
0.000784
-0.008087
0.014551
0.007728
0.014686
-0.007417
0.002809
0.002112
-0.008508
0.002509
0.002461
-0.004664
0.006160
-0.008577
0.005310
-0.005109
0.013775
-0.003421
-0.018007
-0.002112
-0.011320
-0.021317
-0.014622
-0.008751
-0.016210
-0.008753
-0.016194
0.013774
-0.021277
0.000421
-0.002022
-0.003381
0.002260
-0.007470
0.003556
-0.003238
-0.004980
0.003069
-0.009889
0.001810
-0.016910
0.012281
-0.001609
-0.000877
-0.008971
-0.008486
-0.001190
-0.014730
-0.001517
-0.011226
0.007297
-0.015519
0.007130
-0.006376
0.003249
0.003689
0.004916
-0.007390
0.004939
-0.010627
0.006803
-0.013993
0.010624
-0.000179
0.001857
-0.000822
-0.006179
0.006555
-0.010367
0.010519
-0.018805
0.011427
-0.001333
0.002316
-0.003677
0.000002
-0.000802
0.007218
-0.008760
0.013083
-0.005897
-0.009624
0.007879
-0.023483
0.008395
-0.012594
0.007239
-0.004941
0.018808
0.009285
0.012850
-0.006961
0.026311
0.004655
-0.019427
-0.000145
-0.029001
0.000341
-0.007915
0.025467
-0.006032
0.023457
0.005068
-0.031533
0.001465
-0.012767
0.036396
0.019795
-0.007570
