0.266876
0.448481
0.507618
0.851201
-0.363068
0.846835
0.305882
0.280854
-0.084703
0.288762
-0.253490
0.032208
-1.690018
2.328620
1.572916
0.195098
0.231976
0.582439
-0.623707
0.567877
0.041525
0.016270
-0.354081
0.027678
-0.525798
-0.228109
-1.951672
2.063605
1.295113
0.040923
0.398749
-0.817914
0.375386
-0.156414
-0.175317
-0.547010
-0.167595
-0.714041
-0.400894
-2.147466
1.869046
1.114388
0.337588
-0.864835
0.329125
-0.197206
-0.228367
-0.594236
-0.214530
-0.766520
-0.470707
-2.203623
1.824110
1.059616
-1.209567
-0.013342
-0.550876
-0.569612
-0.945803
-0.559584
-1.109950
-0.807889
-2.541215
1.478181
0.711660
1.206126
0.667266
0.646104
0.268729
0.652863
0.098587
0.400113
-1.333059
2.687428
1.924470
-0.536019
-0.563957
-0.933708
-0.546744
-1.104037
-0.800108
-2.540076
1.484358
0.721197
-0.022701
-0.391009
-0.017112
-0.556334
-0.264850
-1.991923
2.025962
1.252969
-0.372669
0.015783
-0.554616
-0.238570
-1.971356
2.045134
1.279136
0.390234
-0.158274
0.128578
-1.603500
2.425535
1.649803
-0.559792
-0.255415
-1.997020
2.029332
1.269517
0.309753
-1.431827
2.587462
1.823165
-1.744374
2.284201
1.517556
4.029234
3.265760
-0.761245
