#input normalization
1 0
1 0
1 0
1 0
1 0
1 0
#output normalization
1 0
#neurons weights
-0.191819
0.144906
0.127634
0.0544064
0.301937
0.494445
-3.04462
0.92943
0.753686
0.0439913
-0.386436
-0.422764
-6.42311
-0.0374088
-1.4603
1.22802
-1.10518
#synapses weights
-3.15127
1.48072
-1.27904
-0.240577
1.64576
5.05324
1.29489
-1.47109
2.89518
0.898998
-0.269534
-5.48914
-4.51783
0.900255
-4.83726
-0.32022
0.413869
3.99478
-4.17426
3.45109
-2.91572
1.50365
2.61793
3.06744
1.01295
-1.5962
1.26475
-0.601258
-0.89897
-1.14698
2.71642
0.731781
-0.311763
0.0970721
-0.889183
-2.48173
1.66195
3.25903
-0.49468
-1.02924
1.90723
6.84981
3.43444
-1.40279
5.01979
1.23056
-0.816918
-8.9177
2.39712
-5.207
3.75846
-0.96882
0.509864
-1.65551
-0.925537
1.86038
-1.08235
0.0533423
-0.542699
-0.330486
5.45826
-11.7979
-5.64226
3.58778
-0.980329
2.85529
-5.15166
6.91264
4.71608
2.27318
