#input normalization
1 0
1 0
1 0
1 0
1 0
1 0
1 0
1 0
1 0
#output normalization
1 0
#neurons weights
0.376293
-0.0495785
0.0900207
0.0938675
0.111217
0.380848
0.377869
-0.334858
0.0262236
-0.0110067
0.405886
-0.1437
0.0502812
2.99114
-0.0374326
-1.93259
-0.517313
-0.208755
-0.404663
1.8537
-0.14099
-1.16452
-0.416938
-1.13722
1.75001
-0.261539
0.0756409
0.564889
#synapses weights
0.335742
0.388145
0.254592
0.491626
0.317708
0.365864
-0.00705649
-2.30875
1.20115
0.133472
0.49914
0.176382
0.352226
0.93168
-1.12424
-1.90462
4.16406
-2.57321
0.559606
0.400238
0.0351975
0.271735
0.263977
0.216574
0.262453
2.33555
-0.27558
0.601365
0.129199
-0.661831
0.447907
0.0174074
-0.741832
-0.523226
-1.61187
2.02692
-0.59904
-4.22369
-0.983837
-0.210851
0.00677567
-1.30041
-3.38308
-2.47066
0.668073
-0.499862
-0.0855789
-0.24711
-0.357842
0.218437
-0.366188
-0.521396
-2.95294
0.265689
0.558727
-0.416921
-0.198381
-0.131673
-0.0642273
-0.827403
0.177154
5.60137
-1.84205
0.560373
-0.231519
-0.172429
-0.114909
0.813107
0.900769
0.0441644
0.451624
-0.0831813
0.630071
2.82405
-1.5922
0.461884
-0.0749207
0.554813
2.4536
2.03061
-0.626741
-0.834597
-1.25844
-0.201198
0.0262408
0.191118
1.15805
1.61371
3.35895
-0.818268
-0.0149717
2.13246
0.230183
-0.230911
-0.976796
-2.18507
0.652088
-3.59404
-1.95017
-0.0354824
-0.33637
0.543927
0.0155943
-0.654942
0.727066
0.455916
-2.33913
0.628468
0.543462
1.67557
-0.296328
-0.0887129
1.59174
-1.36463
-1.30829
0.898321
-1.95763
0.528934
0.186119
0.0379606
0.259008
0.36096
0.469751
0.481264
1.67432
-0.13104
-0.298776
2.84215
0.0645032
0.420445
5.03736
-1.99841
-4.32373
7.16009
-4.94202
-0.260681
-3.60169
0.0222055
0.0224507
-0.250213
0.858774
0.417774
-2.81369
3.57486
0.64452
0.611393
-0.017765
0.160051
1.6206
-0.628183
-0.141908
3.72482
-5.09942
-0.349814
-1.19664
-0.360947
-0.0345791
1.71566
-1.32156
-1.8982
1.1408
1.28746
0.209421
1.27409
-1.84238
-1.17466
-4.84934
2.16159
2.13707
-2.54571
4.01279
-3.7069
-2.88896
-0.778322
3.02715
-2.18954
-3.22741
5.54984
2.93186
-2.12025
