##############################################################################
# Class:   CbmTofDigiPar
# Context: TestDefaultContext
##############################################################################
[CbmTofDigiPar]
//----------------------------------------------------------------------------
NrOfCells:  Int_t  272 
CellIdArray:  Int_t \
  24582 36870 36886 36902 90118 102406 102422 102438 16801798 16814086  \
  16814102 16814118 16867334 16879622 16879638 16879654 33579014 33591302 33591318 33591334  \
  33644550 33656838 33656854 33656870 50356230 50368518 50368534 50368550 50421766 50434054  \
  50434070 50434086 67133446 67145734 67145750 67145766 67198982 67211270 67211286 67211302  \
  83910662 83922950 83922966 83922982 83976198 83988486 83988502 83988518 100687878 100700166  \
  100700182 100700198 100753414 100765702 100765718 100765734 117465094 117477382 117477398 117477414  \
  117530630 117542918 117542934 117542950 134242310 134254598 134254614 134254630 134307846 134320134  \
  134320150 134320166 151019526 151031814 151031830 151031846 151085062 151097350 151097366 151097382  \
  167796742 167809030 167809046 167809062 167862278 167874566 167874582 167874598 184573958 184586246  \
  184586262 184586278 184639494 184651782 184651798 184651814 201351174 201363462 201363478 201363494  \
  201416710 201428998 201429014 201429030 218128390 218140678 218140694 218140710 218193926 218206214  \
  218206230 218206246 234905606 234917894 234917910 234917926 234971142 234983430 234983446 234983462  \
  251682822 251695110 251695126 251695142 251748358 251760646 251760662 251760678 268460038 268472326  \
  268472342 268472358 268525574 268537862 268537878 268537894 285237254 285249542 285249558 285249574  \
  285302790 285315078 285315094 285315110 302014470 302026758 302026774 302026790 302080006 302092294  \
  302092310 302092326 318791686 318803974 318803990 318804006 318857222 318869510 318869526 318869542  \
  335568902 335581190 335581206 335581222 335634438 335646726 335646742 335646758 352346118 352358406  \
  352358422 352358438 352411654 352423942 352423958 352423974 369123334 369135622 369135638 369135654  \
  369188870 369201158 369201174 369201190 385900550 385912838 385912854 385912870 385966086 385978374  \
  385978390 385978406 402677766 402690054 402690070 402690086 402743302 402755590 402755606 402755622  \
  419454982 419467270 419467286 419467302 419520518 419532806 419532822 419532838 436232198 436244486  \
  436244502 436244518 436297734 436310022 436310038 436310054 453009414 453021702 453021718 453021734  \
  453074950 453087238 453087254 453087270 469786630 469798918 469798934 469798950 469852166 469864454  \
  469864470 469864486 486563846 486576134 486576150 486576166 486629382 486641670 486641686 486641702  \
  503341062 503353350 503353366 503353382 503406598 503418886 503418902 503418918 520118278 520130566  \
  520130582 520130598 520183814 520196102 520196118 520196134 536895494 536961030 553672710 553738246  \
  570449926 570515462 587227142 587292678 604004358 604069894 620781574 620847110 637558790 637624326  \
  654336006 654401542 
CellXArray:  Double_t \
  -15.695 -17.5 -17.5 -17.5 -16.24 -17.5 -17.5 -17.5 -14.685 -16.5  \
  -16.5 -16.5 -15.52 -16.5 -16.5 -16.5 -13.675 -15.5 -15.5 -15.5  \
  -14.8 -15.5 -15.5 -15.5 -12.665 -14.5 -14.5 -14.5 -14.08 -14.5  \
  -14.5 -14.5 -11.655 -13.5 -13.5 -13.5 -13.36 -13.5 -13.5 -13.5  \
  -10.645 -12.5 -12.5 -12.5 -12.64 -12.5 -12.5 -12.5 -9.635 -11.5  \
  -11.5 -11.5 -11.92 -11.5 -11.5 -11.5 -8.625 -10.5 -10.5 -10.5  \
  -11.2 -10.5 -10.5 -10.5 -7.615 -9.5 -9.5 -9.5 -10.48 -9.5  \
  -9.5 -9.5 -6.605 -8.5 -8.5 -8.5 -9.76 -8.5 -8.5 -8.5  \
  -5.595 -7.5 -7.5 -7.5 -9.04 -7.5 -7.5 -7.5 -4.585 -6.5  \
  -6.5 -6.5 -8.32 -6.5 -6.5 -6.5 -3.575 -5.5 -5.5 -5.5  \
  -7.6 -5.5 -5.5 -5.5 -2.565 -4.5 -4.5 -4.5 -6.88 -4.5  \
  -4.5 -4.5 -1.555 -3.5 -3.5 -3.5 -6.16 -3.5 -3.5 -3.5  \
  -0.545 -2.5 -2.5 -2.5 -5.44 -2.5 -2.5 -2.5 0.465 -1.5  \
  -1.5 -1.5 -4.72 -1.5 -1.5 -1.5 1.475 -0.5 -0.5 -0.5  \
  -4 -0.5 -0.5 -0.5 2.485 0.5 0.5 0.5 -3.28 0.5  \
  0.5 0.5 3.495 1.5 1.5 1.5 -2.56 1.5 1.5 1.5  \
  4.505 2.5 2.5 2.5 -1.84 2.5 2.5 2.5 5.515 3.5  \
  3.5 3.5 -1.12 3.5 3.5 3.5 6.525 4.5 4.5 4.5  \
  -0.4 4.5 4.5 4.5 7.535 5.5 5.5 5.5 0.32 5.5  \
  5.5 5.5 8.545 6.5 6.5 6.5 1.04 6.5 6.5 6.5  \
  9.555 7.5 7.5 7.5 1.76 7.5 7.5 7.5 10.565 8.5  \
  8.5 8.5 2.48 8.5 8.5 8.5 11.575 9.5 9.5 9.5  \
  3.2 9.5 9.5 9.5 12.585 10.5 10.5 10.5 3.92 10.5  \
  10.5 10.5 13.595 11.5 11.5 11.5 4.64 11.5 11.5 11.5  \
  14.605 12.5 12.5 12.5 5.36 12.5 12.5 12.5 15.615 13.5  \
  13.5 13.5 6.08 13.5 13.5 13.5 16.625 6.8 17.635 7.52  \
  18.645 8.24 19.655 8.96 20.665 9.68 21.675 10.4 22.685 11.12  \
  23.695 11.84 
CellYArray:  Double_t \
  0 0 0 0 0 0 0 0 0 0  \
  0 0 0 0 0 0 0 0 0 0  \
  0 0 0 0 0 0 0 0 0 0  \
  0 0 0 0 0 0 0 0 0 0  \
  0 0 0 0 0 0 0 0 0 0  \
  0 0 0 0 0 0 0 0 0 0  \
  0 0 0 0 0 0 0 0 0 0  \
  0 0 0 0 0 0 0 0 0 0  \
  0 0 0 0 0 0 0 0 0 0  \
  0 0 0 0 0 0 0 0 0 0  \
  0 0 0 0 0 0 0 0 0 0  \
  0 0 0 0 0 0 0 0 0 0  \
  0 0 0 0 0 0 0 0 0 0  \
  0 0 0 0 0 0 0 0 0 0  \
  0 0 0 0 0 0 0 0 0 0  \
  0 0 0 0 0 0 0 0 0 0  \
  0 0 0 0 0 0 0 0 0 0  \
  0 0 0 0 0 0 0 0 0 0  \
  0 0 0 0 0 0 0 0 0 0  \
  0 0 0 0 0 0 0 0 0 0  \
  0 0 0 0 0 0 0 0 0 0  \
  0 0 0 0 0 0 0 0 0 0  \
  0 0 0 0 0 0 0 0 0 0  \
  0 0 0 0 0 0 0 0 0 0  \
  0 0 0 0 0 0 0 0 0 0  \
  0 0 0 0 0 0 0 0 0 0  \
  0 0 0 0 0 0 0 0 0 0  \
  0 0 
CellZArray:  Double_t \
  1056.4 997.9 1017.4 1036.9 1060.4 1001.9 1021.4 1040.9 1056.4 997.9  \
  1017.4 1036.9 1060.4 1001.9 1021.4 1040.9 1056.4 997.9 1017.4 1036.9  \
  1060.4 1001.9 1021.4 1040.9 1056.4 997.9 1017.4 1036.9 1060.4 1001.9  \
  1021.4 1040.9 1056.4 997.9 1017.4 1036.9 1060.4 1001.9 1021.4 1040.9  \
  1056.4 997.9 1017.4 1036.9 1060.4 1001.9 1021.4 1040.9 1056.4 997.9  \
  1017.4 1036.9 1060.4 1001.9 1021.4 1040.9 1056.4 997.9 1017.4 1036.9  \
  1060.4 1001.9 1021.4 1040.9 1056.4 997.9 1017.4 1036.9 1060.4 1001.9  \
  1021.4 1040.9 1056.4 997.9 1017.4 1036.9 1060.4 1001.9 1021.4 1040.9  \
  1056.4 997.9 1017.4 1036.9 1060.4 1001.9 1021.4 1040.9 1056.4 997.9  \
  1017.4 1036.9 1060.4 1001.9 1021.4 1040.9 1056.4 997.9 1017.4 1036.9  \
  1060.4 1001.9 1021.4 1040.9 1056.4 997.9 1017.4 1036.9 1060.4 1001.9  \
  1021.4 1040.9 1056.4 997.9 1017.4 1036.9 1060.4 1001.9 1021.4 1040.9  \
  1056.4 997.9 1017.4 1036.9 1060.4 1001.9 1021.4 1040.9 1056.4 997.9  \
  1017.4 1036.9 1060.4 1001.9 1021.4 1040.9 1056.4 997.9 1017.4 1036.9  \
  1060.4 1001.9 1021.4 1040.9 1056.4 997.9 1017.4 1036.9 1060.4 1001.9  \
  1021.4 1040.9 1056.4 997.9 1017.4 1036.9 1060.4 1001.9 1021.4 1040.9  \
  1056.4 997.9 1017.4 1036.9 1060.4 1001.9 1021.4 1040.9 1056.4 997.9  \
  1017.4 1036.9 1060.4 1001.9 1021.4 1040.9 1056.4 997.9 1017.4 1036.9  \
  1060.4 1001.9 1021.4 1040.9 1056.4 997.9 1017.4 1036.9 1060.4 1001.9  \
  1021.4 1040.9 1056.4 997.9 1017.4 1036.9 1060.4 1001.9 1021.4 1040.9  \
  1056.4 997.9 1017.4 1036.9 1060.4 1001.9 1021.4 1040.9 1056.4 997.9  \
  1017.4 1036.9 1060.4 1001.9 1021.4 1040.9 1056.4 997.9 1017.4 1036.9  \
  1060.4 1001.9 1021.4 1040.9 1056.4 997.9 1017.4 1036.9 1060.4 1001.9  \
  1021.4 1040.9 1056.4 997.9 1017.4 1036.9 1060.4 1001.9 1021.4 1040.9  \
  1056.4 997.9 1017.4 1036.9 1060.4 1001.9 1021.4 1040.9 1056.4 997.9  \
  1017.4 1036.9 1060.4 1001.9 1021.4 1040.9 1056.4 1060.4 1056.4 1060.4  \
  1056.4 1060.4 1056.4 1060.4 1056.4 1060.4 1056.4 1060.4 1056.4 1060.4  \
  1056.4 1060.4 
CellDxArray:  Double_t \
  1.01 1 1 1 0.72 1 1 1 1.01 1  \
  1 1 0.72 1 1 1 1.01 1 1 1  \
  0.72 1 1 1 1.01 1 1 1 0.72 1  \
  1 1 1.01 1 1 1 0.72 1 1 1  \
  1.01 1 1 1 0.72 1 1 1 1.01 1  \
  1 1 0.72 1 1 1 1.01 1 1 1  \
  0.72 1 1 1 1.01 1 1 1 0.72 1  \
  1 1 1.01 1 1 1 0.72 1 1 1  \
  1.01 1 1 1 0.72 1 1 1 1.01 1  \
  1 1 0.72 1 1 1 1.01 1 1 1  \
  0.72 1 1 1 1.01 1 1 1 0.72 1  \
  1 1 1.01 1 1 1 0.72 1 1 1  \
  1.01 1 1 1 0.72 1 1 1 1.01 1  \
  1 1 0.72 1 1 1 1.01 1 1 1  \
  0.72 1 1 1 1.01 1 1 1 0.72 1  \
  1 1 1.01 1 1 1 0.72 1 1 1  \
  1.01 1 1 1 0.72 1 1 1 1.01 1  \
  1 1 0.72 1 1 1 1.01 1 1 1  \
  0.72 1 1 1 1.01 1 1 1 0.72 1  \
  1 1 1.01 1 1 1 0.72 1 1 1  \
  1.01 1 1 1 0.72 1 1 1 1.01 1  \
  1 1 0.72 1 1 1 1.01 1 1 1  \
  0.72 1 1 1 1.01 1 1 1 0.72 1  \
  1 1 1.01 1 1 1 0.72 1 1 1  \
  1.01 1 1 1 0.72 1 1 1 1.01 1  \
  1 1 0.72 1 1 1 1.01 0.72 1.01 0.72  \
  1.01 0.72 1.01 0.72 1.01 0.72 1.01 0.72 1.01 0.72  \
  1.01 0.72 
CellDyArray:  Double_t \
  9.6 26.9 26.9 26.9 9.6 26.9 26.9 26.9 9.6 26.9  \
  26.9 26.9 9.6 26.9 26.9 26.9 9.6 26.9 26.9 26.9  \
  9.6 26.9 26.9 26.9 9.6 26.9 26.9 26.9 9.6 26.9  \
  26.9 26.9 9.6 26.9 26.9 26.9 9.6 26.9 26.9 26.9  \
  9.6 26.9 26.9 26.9 9.6 26.9 26.9 26.9 9.6 26.9  \
  26.9 26.9 9.6 26.9 26.9 26.9 9.6 26.9 26.9 26.9  \
  9.6 26.9 26.9 26.9 9.6 26.9 26.9 26.9 9.6 26.9  \
  26.9 26.9 9.6 26.9 26.9 26.9 9.6 26.9 26.9 26.9  \
  9.6 26.9 26.9 26.9 9.6 26.9 26.9 26.9 9.6 26.9  \
  26.9 26.9 9.6 26.9 26.9 26.9 9.6 26.9 26.9 26.9  \
  9.6 26.9 26.9 26.9 9.6 26.9 26.9 26.9 9.6 26.9  \
  26.9 26.9 9.6 26.9 26.9 26.9 9.6 26.9 26.9 26.9  \
  9.6 26.9 26.9 26.9 9.6 26.9 26.9 26.9 9.6 26.9  \
  26.9 26.9 9.6 26.9 26.9 26.9 9.6 26.9 26.9 26.9  \
  9.6 26.9 26.9 26.9 9.6 26.9 26.9 26.9 9.6 26.9  \
  26.9 26.9 9.6 26.9 26.9 26.9 9.6 26.9 26.9 26.9  \
  9.6 26.9 26.9 26.9 9.6 26.9 26.9 26.9 9.6 26.9  \
  26.9 26.9 9.6 26.9 26.9 26.9 9.6 26.9 26.9 26.9  \
  9.6 26.9 26.9 26.9 9.6 26.9 26.9 26.9 9.6 26.9  \
  26.9 26.9 9.6 26.9 26.9 26.9 9.6 26.9 26.9 26.9  \
  9.6 26.9 26.9 26.9 9.6 26.9 26.9 26.9 9.6 26.9  \
  26.9 26.9 9.6 26.9 26.9 26.9 9.6 26.9 26.9 26.9  \
  9.6 26.9 26.9 26.9 9.6 26.9 26.9 26.9 9.6 26.9  \
  26.9 26.9 9.6 26.9 26.9 26.9 9.6 26.9 26.9 26.9  \
  9.6 26.9 26.9 26.9 9.6 26.9 26.9 26.9 9.6 26.9  \
  26.9 26.9 9.6 26.9 26.9 26.9 9.6 9.6 9.6 9.6  \
  9.6 9.6 9.6 9.6 9.6 9.6 9.6 9.6 9.6 9.6  \
  9.6 9.6 
