##############################################################################
# Class:   CbmTofDigiPar
# Context: TestDefaultContext
##############################################################################
[CbmTofDigiPar]
//----------------------------------------------------------------------------
NrOfCells:  Int_t  288 
CellIdArray:  Int_t \
  4102 4118 4134 69638 69654 69670 135174 135190 135206 16781318  \
  16781334 16781350 16846854 16846870 16846886 16912390 16912406 16912422 33558534 33558550  \
  33558566 33624070 33624086 33624102 33689606 33689622 33689638 50335750 50335766 50335782  \
  50401286 50401302 50401318 50466822 50466838 50466854 67112966 67112982 67112998 67178502  \
  67178518 67178534 67244038 67244054 67244070 83890182 83890198 83890214 83955718 83955734  \
  83955750 84021254 84021270 84021286 100667398 100667414 100667430 100732934 100732950 100732966  \
  100798470 100798486 100798502 117444614 117444630 117444646 117510150 117510166 117510182 117575686  \
  117575702 117575718 134221830 134221846 134221862 134287366 134287382 134287398 134352902 134352918  \
  134352934 150999046 150999062 150999078 151064582 151064598 151064614 151130118 151130134 151130150  \
  167776262 167776278 167776294 167841798 167841814 167841830 167907334 167907350 167907366 184553478  \
  184553494 184553510 184619014 184619030 184619046 184684550 184684566 184684582 201330694 201330710  \
  201330726 201396230 201396246 201396262 201461766 201461782 201461798 218107910 218107926 218107942  \
  218173446 218173462 218173478 218238982 218238998 218239014 234885126 234885142 234885158 234950662  \
  234950678 234950694 235016198 235016214 235016230 251662342 251662358 251662374 251727878 251727894  \
  251727910 251793414 251793430 251793446 268439558 268439574 268439590 268505094 268505110 268505126  \
  268570630 268570646 268570662 285216774 285216790 285216806 285282310 285282326 285282342 285347846  \
  285347862 285347878 301993990 301994006 301994022 302059526 302059542 302059558 302125062 302125078  \
  302125094 318771206 318771222 318771238 318836742 318836758 318836774 318902278 318902294 318902310  \
  335548422 335548438 335548454 335613958 335613974 335613990 335679494 335679510 335679526 352325638  \
  352325654 352325670 352391174 352391190 352391206 352456710 352456726 352456742 369102854 369102870  \
  369102886 369168390 369168406 369168422 369233926 369233942 369233958 385880070 385880086 385880102  \
  385945606 385945622 385945638 386011142 386011158 386011174 402657286 402657302 402657318 402722822  \
  402722838 402722854 402788358 402788374 402788390 419434502 419434518 419434534 419500038 419500054  \
  419500070 419565574 419565590 419565606 436211718 436211734 436211750 436277254 436277270 436277286  \
  436342790 436342806 436342822 452988934 452988950 452988966 453054470 453054486 453054502 453120006  \
  453120022 453120038 469766150 469766166 469766182 469831686 469831702 469831718 469897222 469897238  \
  469897254 486543366 486543382 486543398 486608902 486608918 486608934 486674438 486674454 486674470  \
  503320582 503320598 503320614 503386118 503386134 503386150 503451654 503451670 503451686 520097798  \
  520097814 520097830 520163334 520163350 520163366 520228870 520228886 520228902 
CellXArray:  Double_t \
  -42.5719 -42.5719 -42.5719 -12.0719 -12.0719 -12.0719 18.4281 18.4281 18.4281 -41.5871  \
  -41.5871 -41.5871 -11.0871 -11.0871 -11.0871 19.4129 19.4129 19.4129 -40.6023 -40.6023  \
  -40.6023 -10.1023 -10.1023 -10.1023 20.3977 20.3977 20.3977 -39.6175 -39.6175 -39.6175  \
  -9.11746 -9.11746 -9.11746 21.3825 21.3825 21.3825 -38.6327 -38.6327 -38.6327 -8.13265  \
  -8.13265 -8.13265 22.3673 22.3673 22.3673 -37.6478 -37.6478 -37.6478 -7.14785 -7.14785  \
  -7.14785 23.3522 23.3522 23.3522 -36.663 -36.663 -36.663 -6.16304 -6.16304 -6.16304  \
  24.337 24.337 24.337 -35.6782 -35.6782 -35.6782 -5.17823 -5.17823 -5.17823 25.3218  \
  25.3218 25.3218 -34.6934 -34.6934 -34.6934 -4.19342 -4.19342 -4.19342 26.3066 26.3066  \
  26.3066 -33.7086 -33.7086 -33.7086 -3.20862 -3.20862 -3.20862 27.2914 27.2914 27.2914  \
  -32.7238 -32.7238 -32.7238 -2.22381 -2.22381 -2.22381 28.2762 28.2762 28.2762 -31.739  \
  -31.739 -31.739 -1.239 -1.239 -1.239 29.261 29.261 29.261 -30.7542 -30.7542  \
  -30.7542 -0.254192 -0.254192 -0.254192 30.2458 30.2458 30.2458 -29.7694 -29.7694 -29.7694  \
  0.730616 0.730616 0.730616 31.2306 31.2306 31.2306 -28.7846 -28.7846 -28.7846 1.71542  \
  1.71542 1.71542 32.2154 32.2154 32.2154 -27.7998 -27.7998 -27.7998 2.70023 2.70023  \
  2.70023 33.2002 33.2002 33.2002 -26.815 -26.815 -26.815 3.68504 3.68504 3.68504  \
  34.185 34.185 34.185 -25.8302 -25.8302 -25.8302 4.66985 4.66985 4.66985 35.1698  \
  35.1698 35.1698 -24.8453 -24.8453 -24.8453 5.65465 5.65465 5.65465 36.1547 36.1547  \
  36.1547 -23.8605 -23.8605 -23.8605 6.63946 6.63946 6.63946 37.1395 37.1395 37.1395  \
  -22.8757 -22.8757 -22.8757 7.62427 7.62427 7.62427 38.1243 38.1243 38.1243 -21.8909  \
  -21.8909 -21.8909 8.60908 8.60908 8.60908 39.1091 39.1091 39.1091 -20.9061 -20.9061  \
  -20.9061 9.59389 9.59389 9.59389 40.0939 40.0939 40.0939 -19.9213 -19.9213 -19.9213  \
  10.5787 10.5787 10.5787 41.0787 41.0787 41.0787 -18.9365 -18.9365 -18.9365 11.5635  \
  11.5635 11.5635 42.0635 42.0635 42.0635 -17.9517 -17.9517 -17.9517 12.5483 12.5483  \
  12.5483 43.0483 43.0483 43.0483 -16.9669 -16.9669 -16.9669 13.5331 13.5331 13.5331  \
  44.0331 44.0331 44.0331 -15.9821 -15.9821 -15.9821 14.5179 14.5179 14.5179 45.0179  \
  45.0179 45.0179 -14.9973 -14.9973 -14.9973 15.5027 15.5027 15.5027 46.0027 46.0027  \
  46.0027 -14.0125 -14.0125 -14.0125 16.4875 16.4875 16.4875 46.9875 46.9875 46.9875  \
  -13.0277 -13.0277 -13.0277 17.4723 17.4723 17.4723 47.9723 47.9723 47.9723 -12.0428  \
  -12.0428 -12.0428 18.4572 18.4572 18.4572 48.9572 48.9572 48.9572 
CellYArray:  Double_t \
  0 0 0 0 0 0 0 0 0 0  \
  0 0 0 0 0 0 0 0 0 0  \
  0 0 0 0 0 0 0 0 0 0  \
  0 0 0 0 0 0 0 0 0 0  \
  0 0 0 0 0 0 0 0 0 0  \
  0 0 0 0 0 0 0 0 0 0  \
  0 0 0 0 0 0 0 0 0 0  \
  0 0 0 0 0 0 0 0 0 0  \
  0 0 0 0 0 0 0 0 0 0  \
  0 0 0 0 0 0 0 0 0 0  \
  0 0 0 0 0 0 0 0 0 0  \
  0 0 0 0 0 0 0 0 0 0  \
  0 0 0 0 0 0 0 0 0 0  \
  0 0 0 0 0 0 0 0 0 0  \
  0 0 0 0 0 0 0 0 0 0  \
  0 0 0 0 0 0 0 0 0 0  \
  0 0 0 0 0 0 0 0 0 0  \
  0 0 0 0 0 0 0 0 0 0  \
  0 0 0 0 0 0 0 0 0 0  \
  0 0 0 0 0 0 0 0 0 0  \
  0 0 0 0 0 0 0 0 0 0  \
  0 0 0 0 0 0 0 0 0 0  \
  0 0 0 0 0 0 0 0 0 0  \
  0 0 0 0 0 0 0 0 0 0  \
  0 0 0 0 0 0 0 0 0 0  \
  0 0 0 0 0 0 0 0 0 0  \
  0 0 0 0 0 0 0 0 0 0  \
  0 0 0 0 0 0 0 0 0 0  \
  0 0 0 0 0 0 0 0 
CellZArray:  Double_t \
  1002.59 1022.09 1041.59 1002.59 1022.09 1041.59 1002.59 1022.09 1041.59 1002.42  \
  1021.92 1041.42 1002.42 1021.92 1041.42 1002.42 1021.92 1041.42 1002.25 1021.75  \
  1041.25 1002.25 1021.75 1041.25 1002.25 1021.75 1041.25 1002.07 1021.57 1041.07  \
  1002.07 1021.57 1041.07 1002.07 1021.57 1041.07 1001.9 1021.4 1040.9 1001.9  \
  1021.4 1040.9 1001.9 1021.4 1040.9 1001.72 1021.22 1040.72 1001.72 1021.22  \
  1040.72 1001.72 1021.22 1040.72 1001.55 1021.05 1040.55 1001.55 1021.05 1040.55  \
  1001.55 1021.05 1040.55 1001.38 1020.88 1040.38 1001.38 1020.88 1040.38 1001.38  \
  1020.88 1040.38 1001.2 1020.7 1040.2 1001.2 1020.7 1040.2 1001.2 1020.7  \
  1040.2 1001.03 1020.53 1040.03 1001.03 1020.53 1040.03 1001.03 1020.53 1040.03  \
  1000.86 1020.36 1039.86 1000.86 1020.36 1039.86 1000.86 1020.36 1039.86 1000.68  \
  1020.18 1039.68 1000.68 1020.18 1039.68 1000.68 1020.18 1039.68 1000.51 1020.01  \
  1039.51 1000.51 1020.01 1039.51 1000.51 1020.01 1039.51 1000.34 1019.84 1039.34  \
  1000.34 1019.84 1039.34 1000.34 1019.84 1039.34 1000.16 1019.66 1039.16 1000.16  \
  1019.66 1039.16 1000.16 1019.66 1039.16 999.988 1019.49 1038.99 999.988 1019.49  \
  1038.99 999.988 1019.49 1038.99 999.815 1019.31 1038.81 999.815 1019.31 1038.81  \
  999.815 1019.31 1038.81 999.641 1019.14 1038.64 999.641 1019.14 1038.64 999.641  \
  1019.14 1038.64 999.467 1018.97 1038.47 999.467 1018.97 1038.47 999.467 1018.97  \
  1038.47 999.294 1018.79 1038.29 999.294 1018.79 1038.29 999.294 1018.79 1038.29  \
  999.12 1018.62 1038.12 999.12 1018.62 1038.12 999.12 1018.62 1038.12 998.946  \
  1018.45 1037.95 998.946 1018.45 1037.95 998.946 1018.45 1037.95 998.773 1018.27  \
  1037.77 998.773 1018.27 1037.77 998.773 1018.27 1037.77 998.599 1018.1 1037.6  \
  998.599 1018.1 1037.6 998.599 1018.1 1037.6 998.426 1017.93 1037.43 998.426  \
  1017.93 1037.43 998.426 1017.93 1037.43 998.252 1017.75 1037.25 998.252 1017.75  \
  1037.25 998.252 1017.75 1037.25 998.078 1017.58 1037.08 998.078 1017.58 1037.08  \
  998.078 1017.58 1037.08 997.905 1017.4 1036.9 997.905 1017.4 1036.9 997.905  \
  1017.4 1036.9 997.731 1017.23 1036.73 997.731 1017.23 1036.73 997.731 1017.23  \
  1036.73 997.557 1017.06 1036.56 997.557 1017.06 1036.56 997.557 1017.06 1036.56  \
  997.384 1016.88 1036.38 997.384 1016.88 1036.38 997.384 1016.88 1036.38 997.21  \
  1016.71 1036.21 997.21 1016.71 1036.21 997.21 1016.71 1036.21 
CellDxArray:  Double_t \
  1 1 1 1 1 1 1 1 1 1  \
  1 1 1 1 1 1 1 1 1 1  \
  1 1 1 1 1 1 1 1 1 1  \
  1 1 1 1 1 1 1 1 1 1  \
  1 1 1 1 1 1 1 1 1 1  \
  1 1 1 1 1 1 1 1 1 1  \
  1 1 1 1 1 1 1 1 1 1  \
  1 1 1 1 1 1 1 1 1 1  \
  1 1 1 1 1 1 1 1 1 1  \
  1 1 1 1 1 1 1 1 1 1  \
  1 1 1 1 1 1 1 1 1 1  \
  1 1 1 1 1 1 1 1 1 1  \
  1 1 1 1 1 1 1 1 1 1  \
  1 1 1 1 1 1 1 1 1 1  \
  1 1 1 1 1 1 1 1 1 1  \
  1 1 1 1 1 1 1 1 1 1  \
  1 1 1 1 1 1 1 1 1 1  \
  1 1 1 1 1 1 1 1 1 1  \
  1 1 1 1 1 1 1 1 1 1  \
  1 1 1 1 1 1 1 1 1 1  \
  1 1 1 1 1 1 1 1 1 1  \
  1 1 1 1 1 1 1 1 1 1  \
  1 1 1 1 1 1 1 1 1 1  \
  1 1 1 1 1 1 1 1 1 1  \
  1 1 1 1 1 1 1 1 1 1  \
  1 1 1 1 1 1 1 1 1 1  \
  1 1 1 1 1 1 1 1 1 1  \
  1 1 1 1 1 1 1 1 1 1  \
  1 1 1 1 1 1 1 1 
CellDyArray:  Double_t \
  26.9 26.9 26.9 26.9 26.9 26.9 26.9 26.9 26.9 26.9  \
  26.9 26.9 26.9 26.9 26.9 26.9 26.9 26.9 26.9 26.9  \
  26.9 26.9 26.9 26.9 26.9 26.9 26.9 26.9 26.9 26.9  \
  26.9 26.9 26.9 26.9 26.9 26.9 26.9 26.9 26.9 26.9  \
  26.9 26.9 26.9 26.9 26.9 26.9 26.9 26.9 26.9 26.9  \
  26.9 26.9 26.9 26.9 26.9 26.9 26.9 26.9 26.9 26.9  \
  26.9 26.9 26.9 26.9 26.9 26.9 26.9 26.9 26.9 26.9  \
  26.9 26.9 26.9 26.9 26.9 26.9 26.9 26.9 26.9 26.9  \
  26.9 26.9 26.9 26.9 26.9 26.9 26.9 26.9 26.9 26.9  \
  26.9 26.9 26.9 26.9 26.9 26.9 26.9 26.9 26.9 26.9  \
  26.9 26.9 26.9 26.9 26.9 26.9 26.9 26.9 26.9 26.9  \
  26.9 26.9 26.9 26.9 26.9 26.9 26.9 26.9 26.9 26.9  \
  26.9 26.9 26.9 26.9 26.9 26.9 26.9 26.9 26.9 26.9  \
  26.9 26.9 26.9 26.9 26.9 26.9 26.9 26.9 26.9 26.9  \
  26.9 26.9 26.9 26.9 26.9 26.9 26.9 26.9 26.9 26.9  \
  26.9 26.9 26.9 26.9 26.9 26.9 26.9 26.9 26.9 26.9  \
  26.9 26.9 26.9 26.9 26.9 26.9 26.9 26.9 26.9 26.9  \
  26.9 26.9 26.9 26.9 26.9 26.9 26.9 26.9 26.9 26.9  \
  26.9 26.9 26.9 26.9 26.9 26.9 26.9 26.9 26.9 26.9  \
  26.9 26.9 26.9 26.9 26.9 26.9 26.9 26.9 26.9 26.9  \
  26.9 26.9 26.9 26.9 26.9 26.9 26.9 26.9 26.9 26.9  \
  26.9 26.9 26.9 26.9 26.9 26.9 26.9 26.9 26.9 26.9  \
  26.9 26.9 26.9 26.9 26.9 26.9 26.9 26.9 26.9 26.9  \
  26.9 26.9 26.9 26.9 26.9 26.9 26.9 26.9 26.9 26.9  \
  26.9 26.9 26.9 26.9 26.9 26.9 26.9 26.9 26.9 26.9  \
  26.9 26.9 26.9 26.9 26.9 26.9 26.9 26.9 26.9 26.9  \
  26.9 26.9 26.9 26.9 26.9 26.9 26.9 26.9 26.9 26.9  \
  26.9 26.9 26.9 26.9 26.9 26.9 26.9 26.9 26.9 26.9  \
  26.9 26.9 26.9 26.9 26.9 26.9 26.9 26.9 
