##############################################################################
# Class:   CbmTofDigiPar
# Context: TestDefaultContext
##############################################################################
[CbmTofDigiPar]
//----------------------------------------------------------------------------
NrOfCells:  Int_t  402 
CellIdArray:  Int_t \
  8198 8214 16390 20486 24582 32774 32790 36870 36886 36902  \
  90118 98310 98326 102406 102422 102438 163846 163862 229382 229398  \
  294918 294934 360454 360470 16793606 16797702 16801798 16809990 16810006 16814086  \
  16814102 16814118 16867334 16875526 16875542 16879622 16879638 16879654 16941062 16941078  \
  17006598 17006614 17072134 17072150 17137670 17137686 33570822 33574918 33579014 33587206  \
  33587222 33591302 33591318 33591334 33644550 33652742 33652758 33656838 33656854 33656870  \
  33718278 33718294 33783814 33783830 33849350 33849366 33914886 33914902 50348038 50352134  \
  50356230 50364422 50364438 50368518 50368534 50368550 50421766 50429958 50429974 50434054  \
  50434070 50434086 50495494 50495510 50561030 50561046 50626566 50626582 50692102 50692118  \
  67125254 67129350 67133446 67141638 67141654 67145734 67145750 67145766 67198982 67207174  \
  67207190 67211270 67211286 67211302 67272710 67272726 67338246 67338262 67403782 67403798  \
  67469318 67469334 83902470 83906566 83910662 83918854 83918870 83922950 83922966 83922982  \
  83976198 83984390 83984406 83988486 83988502 83988518 84049926 84049942 84115462 84115478  \
  84180998 84181014 84246534 84246550 100679686 100683782 100687878 100696070 100696086 100700166  \
  100700182 100700198 100753414 100761606 100761622 100765702 100765718 100765734 100827142 100827158  \
  100892678 100892694 100958214 100958230 101023750 101023766 117456902 117460998 117465094 117473286  \
  117473302 117477382 117477398 117477414 117530630 117538822 117538838 117542918 117542934 117542950  \
  117604358 117604374 117669894 117669910 117735430 117735446 117800966 117800982 134234118 134238214  \
  134242310 134254598 134254614 134254630 134307846 134320134 134320150 134320166 151011334 151015430  \
  151019526 151031814 151031830 151031846 151085062 151097350 151097366 151097382 167788550 167792646  \
  167796742 167809030 167809046 167809062 167862278 167874566 167874582 167874598 184565766 184569862  \
  184573958 184586246 184586262 184586278 184639494 184651782 184651798 184651814 201342982 201347078  \
  201351174 201363462 201363478 201363494 201416710 201428998 201429014 201429030 218120198 218124294  \
  218128390 218140678 218140694 218140710 218193926 218206214 218206230 218206246 234897414 234901510  \
  234905606 234917894 234917910 234917926 234971142 234983430 234983446 234983462 251674630 251678726  \
  251682822 251695110 251695126 251695142 251748358 251760646 251760662 251760678 268460038 268472326  \
  268472342 268472358 268525574 268537862 268537878 268537894 285237254 285249542 285249558 285249574  \
  285302790 285315078 285315094 285315110 302014470 302026758 302026774 302026790 302080006 302092294  \
  302092310 302092326 318791686 318803974 318803990 318804006 318857222 318869510 318869526 318869542  \
  335568902 335581190 335581206 335581222 335634438 335646726 335646742 335646758 352346118 352358406  \
  352358422 352358438 352411654 352423942 352423958 352423974 369123334 369135622 369135638 369135654  \
  369188870 369201158 369201174 369201190 385900550 385912838 385912854 385912870 385966086 385978374  \
  385978390 385978406 402677766 402690054 402690070 402690086 402743302 402755590 402755606 402755622  \
  419454982 419467270 419467286 419467302 419520518 419532806 419532822 419532838 436232198 436244486  \
  436244502 436244518 436297734 436310022 436310038 436310054 453009414 453021702 453021718 453021734  \
  453074950 453087238 453087254 453087270 469786630 469798918 469798934 469798950 469852166 469864454  \
  469864470 469864486 486563846 486576134 486576150 486576166 486629382 486641670 486641686 486641702  \
  503341062 503353350 503353366 503353382 503406598 503418886 503418902 503418918 520118278 520130566  \
  520130582 520130598 520183814 520196102 520196118 520196134 536895494 536961030 553672710 553738246  \
  570449926 570515462 587227142 587292678 604004358 604069894 620781574 620847110 637558790 637624326  \
  654336006 654401542 
CellXArray:  Double_t \
  -3 -0.5 9.75 -0.09375 -21.695 -9.6125 -9.6125 17.5 17.5 17.5  \
  -12.64 -9.6125 -9.6125 17.5 17.5 17.5 -9.6125 -9.6125 -9.6125 -9.6125  \
  -9.6125 -9.6125 -9.6125 -9.6125 8.81 -0.08125 -20.685 -7.4375 -7.4375 16.5  \
  16.5 16.5 -11.92 -7.4375 -7.4375 16.5 16.5 16.5 -7.4375 -7.4375  \
  -7.4375 -7.4375 -7.4375 -7.4375 -7.4375 -7.4375 7.87 -0.06875 -19.675 -5.2625  \
  -5.2625 15.5 15.5 15.5 -11.2 -5.2625 -5.2625 15.5 15.5 15.5  \
  -5.2625 -5.2625 -5.2625 -5.2625 -5.2625 -5.2625 -5.2625 -5.2625 6.93 -0.05625  \
  -18.665 -3.0875 -3.0875 14.5 14.5 14.5 -10.48 -3.0875 -3.0875 14.5  \
  14.5 14.5 -3.0875 -3.0875 -3.0875 -3.0875 -3.0875 -3.0875 -3.0875 -3.0875  \
  5.99 -0.04375 -17.655 -0.9125 -0.9125 13.5 13.5 13.5 -9.76 -0.9125  \
  -0.9125 13.5 13.5 13.5 -0.9125 -0.9125 -0.9125 -0.9125 -0.9125 -0.9125  \
  -0.9125 -0.9125 5.05 -0.03125 -16.645 1.2625 1.2625 12.5 12.5 12.5  \
  -9.04 1.2625 1.2625 12.5 12.5 12.5 1.2625 1.2625 1.2625 1.2625  \
  1.2625 1.2625 1.2625 1.2625 4.11 -0.01875 -15.635 3.4375 3.4375 11.5  \
  11.5 11.5 -8.32 3.4375 3.4375 11.5 11.5 11.5 3.4375 3.4375  \
  3.4375 3.4375 3.4375 3.4375 3.4375 3.4375 3.17 -0.00625 -14.625 5.6125  \
  5.6125 10.5 10.5 10.5 -7.6 5.6125 5.6125 10.5 10.5 10.5  \
  5.6125 5.6125 5.6125 5.6125 5.6125 5.6125 5.6125 5.6125 2.23 0.00625  \
  -13.615 9.5 9.5 9.5 -6.88 9.5 9.5 9.5 1.29 0.01875  \
  -12.605 8.5 8.5 8.5 -6.16 8.5 8.5 8.5 0.35 0.03125  \
  -11.595 7.5 7.5 7.5 -5.44 7.5 7.5 7.5 -0.59 0.04375  \
  -10.585 6.5 6.5 6.5 -4.72 6.5 6.5 6.5 -1.53 0.05625  \
  -9.575 5.5 5.5 5.5 -4 5.5 5.5 5.5 -2.47 0.06875  \
  -8.565 4.5 4.5 4.5 -3.28 4.5 4.5 4.5 -3.41 0.08125  \
  -7.555 3.5 3.5 3.5 -2.56 3.5 3.5 3.5 -4.35 0.09375  \
  -6.545 2.5 2.5 2.5 -1.84 2.5 2.5 2.5 -5.535 1.5  \
  1.5 1.5 -1.12 1.5 1.5 1.5 -4.525 0.5 0.5 0.5  \
  -0.4 0.5 0.5 0.5 -3.515 -0.5 -0.5 -0.5 0.32 -0.5  \
  -0.5 -0.5 -2.505 -1.5 -1.5 -1.5 1.04 -1.5 -1.5 -1.5  \
  -1.495 -2.5 -2.5 -2.5 1.76 -2.5 -2.5 -2.5 -0.485 -3.5  \
  -3.5 -3.5 2.48 -3.5 -3.5 -3.5 0.525 -4.5 -4.5 -4.5  \
  3.2 -4.5 -4.5 -4.5 1.535 -5.5 -5.5 -5.5 3.92 -5.5  \
  -5.5 -5.5 2.545 -6.5 -6.5 -6.5 4.64 -6.5 -6.5 -6.5  \
  3.555 -7.5 -7.5 -7.5 5.36 -7.5 -7.5 -7.5 4.565 -8.5  \
  -8.5 -8.5 6.08 -8.5 -8.5 -8.5 5.575 -9.5 -9.5 -9.5  \
  6.8 -9.5 -9.5 -9.5 6.585 -10.5 -10.5 -10.5 7.52 -10.5  \
  -10.5 -10.5 7.595 -11.5 -11.5 -11.5 8.24 -11.5 -11.5 -11.5  \
  8.605 -12.5 -12.5 -12.5 8.96 -12.5 -12.5 -12.5 9.615 -13.5  \
  -13.5 -13.5 9.68 -13.5 -13.5 -13.5 10.625 10.4 11.635 11.12  \
  12.645 11.84 13.655 12.56 14.665 13.28 15.675 14 16.685 14.72  \
  17.695 15.44 
CellYArray:  Double_t \
  70.5308 102.181 70.7071 0 92.5717 92.4484 97.1211 76.3496 81.4631 86.5765  \
  92.5717 94.6484 99.3211 76.3496 81.4631 86.5765 96.8484 101.521 99.0484 103.721  \
  101.248 105.921 103.448 108.121 70.7071 0 92.5717 92.4484 97.1211 76.3496  \
  81.4631 86.5765 92.5717 94.6484 99.3211 76.3496 81.4631 86.5765 96.8484 101.521  \
  99.0484 103.721 101.248 105.921 103.448 108.121 70.7071 0 92.5717 92.4484  \
  97.1211 76.3496 81.4631 86.5765 92.5717 94.6484 99.3211 76.3496 81.4631 86.5765  \
  96.8484 101.521 99.0484 103.721 101.248 105.921 103.448 108.121 70.7071 0  \
  92.5717 92.4484 97.1211 76.3496 81.4631 86.5765 92.5717 94.6484 99.3211 76.3496  \
  81.4631 86.5765 96.8484 101.521 99.0484 103.721 101.248 105.921 103.448 108.121  \
  70.7071 0 92.5717 92.4484 97.1211 76.3496 81.4631 86.5765 92.5717 94.6484  \
  99.3211 76.3496 81.4631 86.5765 96.8484 101.521 99.0484 103.721 101.248 105.921  \
  103.448 108.121 70.7071 0 92.5717 92.4484 97.1211 76.3496 81.4631 86.5765  \
  92.5717 94.6484 99.3211 76.3496 81.4631 86.5765 96.8484 101.521 99.0484 103.721  \
  101.248 105.921 103.448 108.121 70.7071 0 92.5717 92.4484 97.1211 76.3496  \
  81.4631 86.5765 92.5717 94.6484 99.3211 76.3496 81.4631 86.5765 96.8484 101.521  \
  99.0484 103.721 101.248 105.921 103.448 108.121 70.7071 0 92.5717 92.4484  \
  97.1211 76.3496 81.4631 86.5765 92.5717 94.6484 99.3211 76.3496 81.4631 86.5765  \
  96.8484 101.521 99.0484 103.721 101.248 105.921 103.448 108.121 70.7071 0  \
  92.5717 76.3496 81.4631 86.5765 92.5717 76.3496 81.4631 86.5765 70.7071 0  \
  92.5717 76.3496 81.4631 86.5765 92.5717 76.3496 81.4631 86.5765 70.7071 0  \
  92.5717 76.3496 81.4631 86.5765 92.5717 76.3496 81.4631 86.5765 70.7071 0  \
  92.5717 76.3496 81.4631 86.5765 92.5717 76.3496 81.4631 86.5765 70.7071 0  \
  92.5717 76.3496 81.4631 86.5765 92.5717 76.3496 81.4631 86.5765 70.7071 0  \
  92.5717 76.3496 81.4631 86.5765 92.5717 76.3496 81.4631 86.5765 70.7071 0  \
  92.5717 76.3496 81.4631 86.5765 92.5717 76.3496 81.4631 86.5765 70.7071 0  \
  92.5717 76.3496 81.4631 86.5765 92.5717 76.3496 81.4631 86.5765 92.5717 76.3496  \
  81.4631 86.5765 92.5717 76.3496 81.4631 86.5765 92.5717 76.3496 81.4631 86.5765  \
  92.5717 76.3496 81.4631 86.5765 92.5717 76.3496 81.4631 86.5765 92.5717 76.3496  \
  81.4631 86.5765 92.5717 76.3496 81.4631 86.5765 92.5717 76.3496 81.4631 86.5765  \
  92.5717 76.3496 81.4631 86.5765 92.5717 76.3496 81.4631 86.5765 92.5717 76.3496  \
  81.4631 86.5765 92.5717 76.3496 81.4631 86.5765 92.5717 76.3496 81.4631 86.5765  \
  92.5717 76.3496 81.4631 86.5765 92.5717 76.3496 81.4631 86.5765 92.5717 76.3496  \
  81.4631 86.5765 92.5717 76.3496 81.4631 86.5765 92.5717 76.3496 81.4631 86.5765  \
  92.5717 76.3496 81.4631 86.5765 92.5717 76.3496 81.4631 86.5765 92.5717 76.3496  \
  81.4631 86.5765 92.5717 76.3496 81.4631 86.5765 92.5717 76.3496 81.4631 86.5765  \
  92.5717 76.3496 81.4631 86.5765 92.5717 76.3496 81.4631 86.5765 92.5717 76.3496  \
  81.4631 86.5765 92.5717 76.3496 81.4631 86.5765 92.5717 76.3496 81.4631 86.5765  \
  92.5717 76.3496 81.4631 86.5765 92.5717 76.3496 81.4631 86.5765 92.5717 76.3496  \
  81.4631 86.5765 92.5717 76.3496 81.4631 86.5765 92.5717 92.5717 92.5717 92.5717  \
  92.5717 92.5717 92.5717 92.5717 92.5717 92.5717 92.5717 92.5717 92.5717 92.5717  \
  92.5717 92.5717 
CellZArray:  Double_t \
  399.9 579.4 400.9 7.45058e-09 522.9 567.9 594.4 430.9 459.9 488.9  \
  526.9 567.9 594.4 434.9 463.9 492.9 559.9 586.4 559.9 586.4  \
  567.9 594.4 567.9 594.4 400.9 7.45058e-09 522.9 567.9 594.4 430.9  \
  459.9 488.9 526.9 567.9 594.4 434.9 463.9 492.9 559.9 586.4  \
  559.9 586.4 567.9 594.4 567.9 594.4 400.9 7.45058e-09 522.9 567.9  \
  594.4 430.9 459.9 488.9 526.9 567.9 594.4 434.9 463.9 492.9  \
  559.9 586.4 559.9 586.4 567.9 594.4 567.9 594.4 400.9 7.45058e-09  \
  522.9 567.9 594.4 430.9 459.9 488.9 526.9 567.9 594.4 434.9  \
  463.9 492.9 559.9 586.4 559.9 586.4 567.9 594.4 567.9 594.4  \
  400.9 7.45058e-09 522.9 567.9 594.4 430.9 459.9 488.9 526.9 567.9  \
  594.4 434.9 463.9 492.9 559.9 586.4 559.9 586.4 567.9 594.4  \
  567.9 594.4 400.9 7.45058e-09 522.9 567.9 594.4 430.9 459.9 488.9  \
  526.9 567.9 594.4 434.9 463.9 492.9 559.9 586.4 559.9 586.4  \
  567.9 594.4 567.9 594.4 400.9 7.45058e-09 522.9 567.9 594.4 430.9  \
  459.9 488.9 526.9 567.9 594.4 434.9 463.9 492.9 559.9 586.4  \
  559.9 586.4 567.9 594.4 567.9 594.4 400.9 7.45058e-09 522.9 567.9  \
  594.4 430.9 459.9 488.9 526.9 567.9 594.4 434.9 463.9 492.9  \
  559.9 586.4 559.9 586.4 567.9 594.4 567.9 594.4 400.9 7.45058e-09  \
  522.9 430.9 459.9 488.9 526.9 434.9 463.9 492.9 400.9 7.45058e-09  \
  522.9 430.9 459.9 488.9 526.9 434.9 463.9 492.9 400.9 7.45058e-09  \
  522.9 430.9 459.9 488.9 526.9 434.9 463.9 492.9 400.9 7.45058e-09  \
  522.9 430.9 459.9 488.9 526.9 434.9 463.9 492.9 400.9 7.45058e-09  \
  522.9 430.9 459.9 488.9 526.9 434.9 463.9 492.9 400.9 7.45058e-09  \
  522.9 430.9 459.9 488.9 526.9 434.9 463.9 492.9 400.9 7.45058e-09  \
  522.9 430.9 459.9 488.9 526.9 434.9 463.9 492.9 400.9 7.45058e-09  \
  522.9 430.9 459.9 488.9 526.9 434.9 463.9 492.9 522.9 430.9  \
  459.9 488.9 526.9 434.9 463.9 492.9 522.9 430.9 459.9 488.9  \
  526.9 434.9 463.9 492.9 522.9 430.9 459.9 488.9 526.9 434.9  \
  463.9 492.9 522.9 430.9 459.9 488.9 526.9 434.9 463.9 492.9  \
  522.9 430.9 459.9 488.9 526.9 434.9 463.9 492.9 522.9 430.9  \
  459.9 488.9 526.9 434.9 463.9 492.9 522.9 430.9 459.9 488.9  \
  526.9 434.9 463.9 492.9 522.9 430.9 459.9 488.9 526.9 434.9  \
  463.9 492.9 522.9 430.9 459.9 488.9 526.9 434.9 463.9 492.9  \
  522.9 430.9 459.9 488.9 526.9 434.9 463.9 492.9 522.9 430.9  \
  459.9 488.9 526.9 434.9 463.9 492.9 522.9 430.9 459.9 488.9  \
  526.9 434.9 463.9 492.9 522.9 430.9 459.9 488.9 526.9 434.9  \
  463.9 492.9 522.9 430.9 459.9 488.9 526.9 434.9 463.9 492.9  \
  522.9 430.9 459.9 488.9 526.9 434.9 463.9 492.9 522.9 430.9  \
  459.9 488.9 526.9 434.9 463.9 492.9 522.9 526.9 522.9 526.9  \
  522.9 526.9 522.9 526.9 522.9 526.9 522.9 526.9 522.9 526.9  \
  522.9 526.9 
CellDxArray:  Double_t \
  2 2 0.94 0.0125 1.01 2.175 2.175 1 1 1  \
  0.72 2.175 2.175 1 1 1 2.175 2.175 2.175 2.175  \
  2.175 2.175 2.175 2.175 0.94 0.0125 1.01 2.175 2.175 1  \
  1 1 0.72 2.175 2.175 1 1 1 2.175 2.175  \
  2.175 2.175 2.175 2.175 2.175 2.175 0.94 0.0125 1.01 2.175  \
  2.175 1 1 1 0.72 2.175 2.175 1 1 1  \
  2.175 2.175 2.175 2.175 2.175 2.175 2.175 2.175 0.94 0.0125  \
  1.01 2.175 2.175 1 1 1 0.72 2.175 2.175 1  \
  1 1 2.175 2.175 2.175 2.175 2.175 2.175 2.175 2.175  \
  0.94 0.0125 1.01 2.175 2.175 1 1 1 0.72 2.175  \
  2.175 1 1 1 2.175 2.175 2.175 2.175 2.175 2.175  \
  2.175 2.175 0.94 0.0125 1.01 2.175 2.175 1 1 1  \
  0.72 2.175 2.175 1 1 1 2.175 2.175 2.175 2.175  \
  2.175 2.175 2.175 2.175 0.94 0.0125 1.01 2.175 2.175 1  \
  1 1 0.72 2.175 2.175 1 1 1 2.175 2.175  \
  2.175 2.175 2.175 2.175 2.175 2.175 0.94 0.0125 1.01 2.175  \
  2.175 1 1 1 0.72 2.175 2.175 1 1 1  \
  2.175 2.175 2.175 2.175 2.175 2.175 2.175 2.175 0.94 0.0125  \
  1.01 1 1 1 0.72 1 1 1 0.94 0.0125  \
  1.01 1 1 1 0.72 1 1 1 0.94 0.0125  \
  1.01 1 1 1 0.72 1 1 1 0.94 0.0125  \
  1.01 1 1 1 0.72 1 1 1 0.94 0.0125  \
  1.01 1 1 1 0.72 1 1 1 0.94 0.0125  \
  1.01 1 1 1 0.72 1 1 1 0.94 0.0125  \
  1.01 1 1 1 0.72 1 1 1 0.94 0.0125  \
  1.01 1 1 1 0.72 1 1 1 1.01 1  \
  1 1 0.72 1 1 1 1.01 1 1 1  \
  0.72 1 1 1 1.01 1 1 1 0.72 1  \
  1 1 1.01 1 1 1 0.72 1 1 1  \
  1.01 1 1 1 0.72 1 1 1 1.01 1  \
  1 1 0.72 1 1 1 1.01 1 1 1  \
  0.72 1 1 1 1.01 1 1 1 0.72 1  \
  1 1 1.01 1 1 1 0.72 1 1 1  \
  1.01 1 1 1 0.72 1 1 1 1.01 1  \
  1 1 0.72 1 1 1 1.01 1 1 1  \
  0.72 1 1 1 1.01 1 1 1 0.72 1  \
  1 1 1.01 1 1 1 0.72 1 1 1  \
  1.01 1 1 1 0.72 1 1 1 1.01 1  \
  1 1 0.72 1 1 1 1.01 0.72 1.01 0.72  \
  1.01 0.72 1.01 0.72 1.01 0.72 1.01 0.72 1.01 0.72  \
  1.01 0.72 
CellDyArray:  Double_t \
  10 10 4 0.2 9.6 2 2 26.9 26.9 26.9  \
  9.6 2 2 26.9 26.9 26.9 2 2 2 2  \
  2 2 2 2 4 0.2 9.6 2 2 26.9  \
  26.9 26.9 9.6 2 2 26.9 26.9 26.9 2 2  \
  2 2 2 2 2 2 4 0.2 9.6 2  \
  2 26.9 26.9 26.9 9.6 2 2 26.9 26.9 26.9  \
  2 2 2 2 2 2 2 2 4 0.2  \
  9.6 2 2 26.9 26.9 26.9 9.6 2 2 26.9  \
  26.9 26.9 2 2 2 2 2 2 2 2  \
  4 0.2 9.6 2 2 26.9 26.9 26.9 9.6 2  \
  2 26.9 26.9 26.9 2 2 2 2 2 2  \
  2 2 4 0.2 9.6 2 2 26.9 26.9 26.9  \
  9.6 2 2 26.9 26.9 26.9 2 2 2 2  \
  2 2 2 2 4 0.2 9.6 2 2 26.9  \
  26.9 26.9 9.6 2 2 26.9 26.9 26.9 2 2  \
  2 2 2 2 2 2 4 0.2 9.6 2  \
  2 26.9 26.9 26.9 9.6 2 2 26.9 26.9 26.9  \
  2 2 2 2 2 2 2 2 4 0.2  \
  9.6 26.9 26.9 26.9 9.6 26.9 26.9 26.9 4 0.2  \
  9.6 26.9 26.9 26.9 9.6 26.9 26.9 26.9 4 0.2  \
  9.6 26.9 26.9 26.9 9.6 26.9 26.9 26.9 4 0.2  \
  9.6 26.9 26.9 26.9 9.6 26.9 26.9 26.9 4 0.2  \
  9.6 26.9 26.9 26.9 9.6 26.9 26.9 26.9 4 0.2  \
  9.6 26.9 26.9 26.9 9.6 26.9 26.9 26.9 4 0.2  \
  9.6 26.9 26.9 26.9 9.6 26.9 26.9 26.9 4 0.2  \
  9.6 26.9 26.9 26.9 9.6 26.9 26.9 26.9 9.6 26.9  \
  26.9 26.9 9.6 26.9 26.9 26.9 9.6 26.9 26.9 26.9  \
  9.6 26.9 26.9 26.9 9.6 26.9 26.9 26.9 9.6 26.9  \
  26.9 26.9 9.6 26.9 26.9 26.9 9.6 26.9 26.9 26.9  \
  9.6 26.9 26.9 26.9 9.6 26.9 26.9 26.9 9.6 26.9  \
  26.9 26.9 9.6 26.9 26.9 26.9 9.6 26.9 26.9 26.9  \
  9.6 26.9 26.9 26.9 9.6 26.9 26.9 26.9 9.6 26.9  \
  26.9 26.9 9.6 26.9 26.9 26.9 9.6 26.9 26.9 26.9  \
  9.6 26.9 26.9 26.9 9.6 26.9 26.9 26.9 9.6 26.9  \
  26.9 26.9 9.6 26.9 26.9 26.9 9.6 26.9 26.9 26.9  \
  9.6 26.9 26.9 26.9 9.6 26.9 26.9 26.9 9.6 26.9  \
  26.9 26.9 9.6 26.9 26.9 26.9 9.6 26.9 26.9 26.9  \
  9.6 26.9 26.9 26.9 9.6 26.9 26.9 26.9 9.6 26.9  \
  26.9 26.9 9.6 26.9 26.9 26.9 9.6 9.6 9.6 9.6  \
  9.6 9.6 9.6 9.6 9.6 9.6 9.6 9.6 9.6 9.6  \
  9.6 9.6 
