##############################################################################
# Class:   CbmTofDigiPar
# Context: TestDefaultContext
##############################################################################
[CbmTofDigiPar]
//----------------------------------------------------------------------------
NrOfCells:  Int_t  288 
CellIdArray:  Int_t \
  8198 8214 8230 73734 73750 73766 139270 139286 139302 16785414  \
  16785430 16785446 16850950 16850966 16850982 16916486 16916502 16916518 33562630 33562646  \
  33562662 33628166 33628182 33628198 33693702 33693718 33693734 50339846 50339862 50339878  \
  50405382 50405398 50405414 50470918 50470934 50470950 67117062 67117078 67117094 67182598  \
  67182614 67182630 67248134 67248150 67248166 83894278 83894294 83894310 83959814 83959830  \
  83959846 84025350 84025366 84025382 100671494 100671510 100671526 100737030 100737046 100737062  \
  100802566 100802582 100802598 117448710 117448726 117448742 117514246 117514262 117514278 117579782  \
  117579798 117579814 134225926 134225942 134225958 134291462 134291478 134291494 134356998 134357014  \
  134357030 151003142 151003158 151003174 151068678 151068694 151068710 151134214 151134230 151134246  \
  167780358 167780374 167780390 167845894 167845910 167845926 167911430 167911446 167911462 184557574  \
  184557590 184557606 184623110 184623126 184623142 184688646 184688662 184688678 201334790 201334806  \
  201334822 201400326 201400342 201400358 201465862 201465878 201465894 218112006 218112022 218112038  \
  218177542 218177558 218177574 218243078 218243094 218243110 234889222 234889238 234889254 234954758  \
  234954774 234954790 235020294 235020310 235020326 251666438 251666454 251666470 251731974 251731990  \
  251732006 251797510 251797526 251797542 268443654 268443670 268443686 268509190 268509206 268509222  \
  268574726 268574742 268574758 285220870 285220886 285220902 285286406 285286422 285286438 285351942  \
  285351958 285351974 301998086 301998102 301998118 302063622 302063638 302063654 302129158 302129174  \
  302129190 318775302 318775318 318775334 318840838 318840854 318840870 318906374 318906390 318906406  \
  335552518 335552534 335552550 335618054 335618070 335618086 335683590 335683606 335683622 352329734  \
  352329750 352329766 352395270 352395286 352395302 352460806 352460822 352460838 369106950 369106966  \
  369106982 369172486 369172502 369172518 369238022 369238038 369238054 385884166 385884182 385884198  \
  385949702 385949718 385949734 386015238 386015254 386015270 402661382 402661398 402661414 402726918  \
  402726934 402726950 402792454 402792470 402792486 419438598 419438614 419438630 419504134 419504150  \
  419504166 419569670 419569686 419569702 436215814 436215830 436215846 436281350 436281366 436281382  \
  436346886 436346902 436346918 452993030 452993046 452993062 453058566 453058582 453058598 453124102  \
  453124118 453124134 469770246 469770262 469770278 469835782 469835798 469835814 469901318 469901334  \
  469901350 486547462 486547478 486547494 486612998 486613014 486613030 486678534 486678550 486678566  \
  503324678 503324694 503324710 503390214 503390230 503390246 503455750 503455766 503455782 520101894  \
  520101910 520101926 520167430 520167446 520167462 520232966 520232982 520232998 
CellXArray:  Double_t \
  -41.3217 -41.3217 -41.3217 -10.3217 -10.3217 -10.3217 20.6783 20.6783 20.6783 -40.3332  \
  -40.3332 -40.3332 -9.33316 -9.33316 -9.33316 21.6668 21.6668 21.6668 -39.3447 -39.3447  \
  -39.3447 -8.34467 -8.34467 -8.34467 22.6553 22.6553 22.6553 -38.3562 -38.3562 -38.3562  \
  -7.35617 -7.35617 -7.35617 23.6438 23.6438 23.6438 -37.3677 -37.3677 -37.3677 -6.36768  \
  -6.36768 -6.36768 24.6323 24.6323 24.6323 -36.3792 -36.3792 -36.3792 -5.37919 -5.37919  \
  -5.37919 25.6208 25.6208 25.6208 -35.3907 -35.3907 -35.3907 -4.39069 -4.39069 -4.39069  \
  26.6093 26.6093 26.6093 -34.4022 -34.4022 -34.4022 -3.4022 -3.4022 -3.4022 27.5978  \
  27.5978 27.5978 -33.4137 -33.4137 -33.4137 -2.4137 -2.4137 -2.4137 28.5863 28.5863  \
  28.5863 -32.4252 -32.4252 -32.4252 -1.42521 -1.42521 -1.42521 29.5748 29.5748 29.5748  \
  -31.4367 -31.4367 -31.4367 -0.436716 -0.436716 -0.436716 30.5633 30.5633 30.5633 -30.4482  \
  -30.4482 -30.4482 0.551778 0.551778 0.551778 31.5518 31.5518 31.5518 -29.4597 -29.4597  \
  -29.4597 1.54027 1.54027 1.54027 32.5403 32.5403 32.5403 -28.4712 -28.4712 -28.4712  \
  2.52877 2.52877 2.52877 33.5288 33.5288 33.5288 -27.4827 -27.4827 -27.4827 3.51726  \
  3.51726 3.51726 34.5173 34.5173 34.5173 -26.4942 -26.4942 -26.4942 4.50575 4.50575  \
  4.50575 35.5058 35.5058 35.5058 -25.5058 -25.5058 -25.5058 5.49425 5.49425 5.49425  \
  36.4942 36.4942 36.4942 -24.5173 -24.5173 -24.5173 6.48274 6.48274 6.48274 37.4827  \
  37.4827 37.4827 -23.5288 -23.5288 -23.5288 7.47123 7.47123 7.47123 38.4712 38.4712  \
  38.4712 -22.5403 -22.5403 -22.5403 8.45973 8.45973 8.45973 39.4597 39.4597 39.4597  \
  -21.5518 -21.5518 -21.5518 9.44822 9.44822 9.44822 40.4482 40.4482 40.4482 -20.5633  \
  -20.5633 -20.5633 10.4367 10.4367 10.4367 41.4367 41.4367 41.4367 -19.5748 -19.5748  \
  -19.5748 11.4252 11.4252 11.4252 42.4252 42.4252 42.4252 -18.5863 -18.5863 -18.5863  \
  12.4137 12.4137 12.4137 43.4137 43.4137 43.4137 -17.5978 -17.5978 -17.5978 13.4022  \
  13.4022 13.4022 44.4022 44.4022 44.4022 -16.6093 -16.6093 -16.6093 14.3907 14.3907  \
  14.3907 45.3907 45.3907 45.3907 -15.6208 -15.6208 -15.6208 15.3792 15.3792 15.3792  \
  46.3792 46.3792 46.3792 -14.6323 -14.6323 -14.6323 16.3677 16.3677 16.3677 47.3677  \
  47.3677 47.3677 -13.6438 -13.6438 -13.6438 17.3562 17.3562 17.3562 48.3562 48.3562  \
  48.3562 -12.6553 -12.6553 -12.6553 18.3447 18.3447 18.3447 49.3447 49.3447 49.3447  \
  -11.6668 -11.6668 -11.6668 19.3332 19.3332 19.3332 50.3332 50.3332 50.3332 -10.6783  \
  -10.6783 -10.6783 20.3217 20.3217 20.3217 51.3217 51.3217 51.3217 
CellYArray:  Double_t \
  0 27 -27 0 27 -27 0 27 -27 0  \
  27 -27 0 27 -27 0 27 -27 0 27  \
  -27 0 27 -27 0 27 -27 0 27 -27  \
  0 27 -27 0 27 -27 0 27 -27 0  \
  27 -27 0 27 -27 0 27 -27 0 27  \
  -27 0 27 -27 0 27 -27 0 27 -27  \
  0 27 -27 0 27 -27 0 27 -27 0  \
  27 -27 0 27 -27 0 27 -27 0 27  \
  -27 0 27 -27 0 27 -27 0 27 -27  \
  0 27 -27 0 27 -27 0 27 -27 0  \
  27 -27 0 27 -27 0 27 -27 0 27  \
  -27 0 27 -27 0 27 -27 0 27 -27  \
  0 27 -27 0 27 -27 0 27 -27 0  \
  27 -27 0 27 -27 0 27 -27 0 27  \
  -27 0 27 -27 0 27 -27 0 27 -27  \
  0 27 -27 0 27 -27 0 27 -27 0  \
  27 -27 0 27 -27 0 27 -27 0 27  \
  -27 0 27 -27 0 27 -27 0 27 -27  \
  0 27 -27 0 27 -27 0 27 -27 0  \
  27 -27 0 27 -27 0 27 -27 0 27  \
  -27 0 27 -27 0 27 -27 0 27 -27  \
  0 27 -27 0 27 -27 0 27 -27 0  \
  27 -27 0 27 -27 0 27 -27 0 27  \
  -27 0 27 -27 0 27 -27 0 27 -27  \
  0 27 -27 0 27 -27 0 27 -27 0  \
  27 -27 0 27 -27 0 27 -27 0 27  \
  -27 0 27 -27 0 27 -27 0 27 -27  \
  0 27 -27 0 27 -27 0 27 -27 0  \
  27 -27 0 27 -27 0 27 -27 
CellZArray:  Double_t \
  243.845 230.845 230.845 243.845 230.845 230.845 243.845 230.845 230.845 243.693  \
  230.693 230.693 243.693 230.693 230.693 243.693 230.693 230.693 243.542 230.542  \
  230.542 243.542 230.542 230.542 243.542 230.542 230.542 243.391 230.391 230.391  \
  243.391 230.391 230.391 243.391 230.391 230.391 243.239 230.239 230.239 243.239  \
  230.239 230.239 243.239 230.239 230.239 243.088 230.088 230.088 243.088 230.088  \
  230.088 243.088 230.088 230.088 242.937 229.937 229.937 242.937 229.937 229.937  \
  242.937 229.937 229.937 242.786 229.786 229.786 242.786 229.786 229.786 242.786  \
  229.786 229.786 242.634 229.634 229.634 242.634 229.634 229.634 242.634 229.634  \
  229.634 242.483 229.483 229.483 242.483 229.483 229.483 242.483 229.483 229.483  \
  242.332 229.332 229.332 242.332 229.332 229.332 242.332 229.332 229.332 242.181  \
  229.181 229.181 242.181 229.181 229.181 242.181 229.181 229.181 242.029 229.029  \
  229.029 242.029 229.029 229.029 242.029 229.029 229.029 241.878 228.878 228.878  \
  241.878 228.878 228.878 241.878 228.878 228.878 241.727 228.727 228.727 241.727  \
  228.727 228.727 241.727 228.727 228.727 241.576 228.576 228.576 241.576 228.576  \
  228.576 241.576 228.576 228.576 241.424 228.424 228.424 241.424 228.424 228.424  \
  241.424 228.424 228.424 241.273 228.273 228.273 241.273 228.273 228.273 241.273  \
  228.273 228.273 241.122 228.122 228.122 241.122 228.122 228.122 241.122 228.122  \
  228.122 240.971 227.971 227.971 240.971 227.971 227.971 240.971 227.971 227.971  \
  240.819 227.819 227.819 240.819 227.819 227.819 240.819 227.819 227.819 240.668  \
  227.668 227.668 240.668 227.668 227.668 240.668 227.668 227.668 240.517 227.517  \
  227.517 240.517 227.517 227.517 240.517 227.517 227.517 240.366 227.366 227.366  \
  240.366 227.366 227.366 240.366 227.366 227.366 240.214 227.214 227.214 240.214  \
  227.214 227.214 240.214 227.214 227.214 240.063 227.063 227.063 240.063 227.063  \
  227.063 240.063 227.063 227.063 239.912 226.912 226.912 239.912 226.912 226.912  \
  239.912 226.912 226.912 239.761 226.761 226.761 239.761 226.761 226.761 239.761  \
  226.761 226.761 239.609 226.609 226.609 239.609 226.609 226.609 239.609 226.609  \
  226.609 239.458 226.458 226.458 239.458 226.458 226.458 239.458 226.458 226.458  \
  239.307 226.307 226.307 239.307 226.307 226.307 239.307 226.307 226.307 239.155  \
  226.155 226.155 239.155 226.155 226.155 239.155 226.155 226.155 
CellDxArray:  Double_t \
  1 1 1 1 1 1 1 1 1 1  \
  1 1 1 1 1 1 1 1 1 1  \
  1 1 1 1 1 1 1 1 1 1  \
  1 1 1 1 1 1 1 1 1 1  \
  1 1 1 1 1 1 1 1 1 1  \
  1 1 1 1 1 1 1 1 1 1  \
  1 1 1 1 1 1 1 1 1 1  \
  1 1 1 1 1 1 1 1 1 1  \
  1 1 1 1 1 1 1 1 1 1  \
  1 1 1 1 1 1 1 1 1 1  \
  1 1 1 1 1 1 1 1 1 1  \
  1 1 1 1 1 1 1 1 1 1  \
  1 1 1 1 1 1 1 1 1 1  \
  1 1 1 1 1 1 1 1 1 1  \
  1 1 1 1 1 1 1 1 1 1  \
  1 1 1 1 1 1 1 1 1 1  \
  1 1 1 1 1 1 1 1 1 1  \
  1 1 1 1 1 1 1 1 1 1  \
  1 1 1 1 1 1 1 1 1 1  \
  1 1 1 1 1 1 1 1 1 1  \
  1 1 1 1 1 1 1 1 1 1  \
  1 1 1 1 1 1 1 1 1 1  \
  1 1 1 1 1 1 1 1 1 1  \
  1 1 1 1 1 1 1 1 1 1  \
  1 1 1 1 1 1 1 1 1 1  \
  1 1 1 1 1 1 1 1 1 1  \
  1 1 1 1 1 1 1 1 1 1  \
  1 1 1 1 1 1 1 1 1 1  \
  1 1 1 1 1 1 1 1 
CellDyArray:  Double_t \
  26.9 26.9 26.9 26.9 26.9 26.9 26.9 26.9 26.9 26.9  \
  26.9 26.9 26.9 26.9 26.9 26.9 26.9 26.9 26.9 26.9  \
  26.9 26.9 26.9 26.9 26.9 26.9 26.9 26.9 26.9 26.9  \
  26.9 26.9 26.9 26.9 26.9 26.9 26.9 26.9 26.9 26.9  \
  26.9 26.9 26.9 26.9 26.9 26.9 26.9 26.9 26.9 26.9  \
  26.9 26.9 26.9 26.9 26.9 26.9 26.9 26.9 26.9 26.9  \
  26.9 26.9 26.9 26.9 26.9 26.9 26.9 26.9 26.9 26.9  \
  26.9 26.9 26.9 26.9 26.9 26.9 26.9 26.9 26.9 26.9  \
  26.9 26.9 26.9 26.9 26.9 26.9 26.9 26.9 26.9 26.9  \
  26.9 26.9 26.9 26.9 26.9 26.9 26.9 26.9 26.9 26.9  \
  26.9 26.9 26.9 26.9 26.9 26.9 26.9 26.9 26.9 26.9  \
  26.9 26.9 26.9 26.9 26.9 26.9 26.9 26.9 26.9 26.9  \
  26.9 26.9 26.9 26.9 26.9 26.9 26.9 26.9 26.9 26.9  \
  26.9 26.9 26.9 26.9 26.9 26.9 26.9 26.9 26.9 26.9  \
  26.9 26.9 26.9 26.9 26.9 26.9 26.9 26.9 26.9 26.9  \
  26.9 26.9 26.9 26.9 26.9 26.9 26.9 26.9 26.9 26.9  \
  26.9 26.9 26.9 26.9 26.9 26.9 26.9 26.9 26.9 26.9  \
  26.9 26.9 26.9 26.9 26.9 26.9 26.9 26.9 26.9 26.9  \
  26.9 26.9 26.9 26.9 26.9 26.9 26.9 26.9 26.9 26.9  \
  26.9 26.9 26.9 26.9 26.9 26.9 26.9 26.9 26.9 26.9  \
  26.9 26.9 26.9 26.9 26.9 26.9 26.9 26.9 26.9 26.9  \
  26.9 26.9 26.9 26.9 26.9 26.9 26.9 26.9 26.9 26.9  \
  26.9 26.9 26.9 26.9 26.9 26.9 26.9 26.9 26.9 26.9  \
  26.9 26.9 26.9 26.9 26.9 26.9 26.9 26.9 26.9 26.9  \
  26.9 26.9 26.9 26.9 26.9 26.9 26.9 26.9 26.9 26.9  \
  26.9 26.9 26.9 26.9 26.9 26.9 26.9 26.9 26.9 26.9  \
  26.9 26.9 26.9 26.9 26.9 26.9 26.9 26.9 26.9 26.9  \
  26.9 26.9 26.9 26.9 26.9 26.9 26.9 26.9 26.9 26.9  \
  26.9 26.9 26.9 26.9 26.9 26.9 26.9 26.9 
