##############################################################################
# Class:   CbmTofDigiPar
# Context: TestDefaultContext
##############################################################################
[CbmTofDigiPar]
//----------------------------------------------------------------------------
NrOfCells:  Int_t  324 
CellIdArray:  Int_t \
  4102 8198 8214 8230 8246 12294 16390 20486 20502 20518  \
  24582 28678 32774 36870 98310 163846 229382 294918 360454 16781318  \
  16789510 16793606 16797702 16797718 16797734 16801798 16805894 16809990 16814086 16875526  \
  16941062 17006598 17072134 17137670 33558534 33566726 33570822 33574918 33574934 33574950  \
  33579014 33583110 33587206 33591302 33652742 33718278 33783814 33849350 33914886 50335750  \
  50343942 50348038 50352134 50352150 50352166 50356230 50360326 50364422 50368518 50429958  \
  50495494 50561030 50626566 50692102 67112966 67121158 67125254 67129350 67129366 67129382  \
  67133446 67137542 67141638 67145734 67207174 67272710 67338246 67403782 67469318 83890182  \
  83898374 83902470 83906566 83906582 83906598 83910662 83914758 83918854 83922950 83984390  \
  84049926 84115462 84180998 84246534 100667398 100675590 100679686 100683782 100683798 100683814  \
  100687878 100691974 100696070 100700166 100761606 100827142 100892678 100958214 101023750 117444614  \
  117452806 117456902 117460998 117461014 117461030 117465094 117469190 117473286 117477382 117538822  \
  117604358 117669894 117735430 117800966 134221830 134230022 134234118 134238214 134238230 134238246  \
  134242310 134246406 134254598 150999046 151007238 151011334 151015430 151015446 151015462 151019526  \
  151023622 151031814 167776262 167784454 167788550 167792646 167792662 167792678 167796742 167800838  \
  167809030 184553478 184561670 184565766 184569862 184569878 184569894 184573958 184578054 184586246  \
  201330694 201338886 201342982 201347078 201347094 201347110 201351174 201355270 201363462 218107910  \
  218116102 218120198 218124294 218124310 218124326 218128390 218132486 218140678 234885126 234893318  \
  234897414 234901510 234901526 234901542 234905606 234909702 234917894 251662342 251670534 251674630  \
  251678726 251678742 251678758 251682822 251686918 251695110 268439558 268447750 268460038 268472326  \
  285216774 285224966 285237254 285249542 301993990 302002182 302014470 302026758 318771206 318779398  \
  318791686 318803974 335548422 335556614 335568902 335581190 352325638 352333830 352346118 352358406  \
  369102854 369111046 369123334 369135622 385880070 385888262 385900550 385912838 402657286 402665478  \
  402677766 419434502 419442694 419454982 436211718 436219910 436232198 452988934 452997126 453009414  \
  469766150 469774342 469786630 486543366 486551558 486563846 503320582 503328774 503341062 520097798  \
  520105990 520118278 536875014 536895494 553652230 553672710 570429446 570449926 587206662 587227142  \
  603983878 604004358 620761094 620781574 637538310 637558790 654315526 654336006 671092742 671113222  \
  687869958 687890438 704647174 704667654 721424390 721444870 738201606 738222086 754978822 754999302  \
  771756038 771776518 788533254 788553734 805310470 805330950 822087686 822108166 838864902 838885382  \
  855642118 855662598 872419334 872439814 889196550 889217030 905973766 905994246 922750982 922771462  \
  939528198 939548678 956305414 956325894 973082630 973103110 989859846 989880326 1006637062 1006657542  \
  1023414278 1023434758 1040191494 1040211974 1056968710 1056989190 1073745926 1090523142 1107300358 1124077574  \
  1140854790 1157632006 1174409222 1191186438 
CellXArray:  Double_t \
  -11.125 -3 -0.5 -25 -25 1 8.55 -2.09375 -2.09375 -2.09375  \
  -7.3015 -1.04095e-15 -26.5 2.2 -24.3 -22.1 -19.9 -17.7 -15.5 -11.375  \
  1 7.61 -2.08125 -2.08125 -2.08125 -7.7205 -9.18485e-16 -26.5 2.2 -24.3  \
  -22.1 -19.9 -17.7 -15.5 -11.625 1 6.67 -2.06875 -2.06875 -2.06875  \
  -8.1395 -7.9602e-16 -26.5 2.2 -24.3 -22.1 -19.9 -17.7 -15.5 -11.875  \
  1 5.73 -2.05625 -2.05625 -2.05625 -8.5585 -6.73556e-16 -26.5 2.2 -24.3  \
  -22.1 -19.9 -17.7 -15.5 -12.125 1 4.79 -2.04375 -2.04375 -2.04375  \
  -8.9775 -5.51091e-16 -26.5 2.2 -24.3 -22.1 -19.9 -17.7 -15.5 -12.375  \
  1 3.85 -2.03125 -2.03125 -2.03125 -9.3965 -4.28626e-16 -26.5 2.2 -24.3  \
  -22.1 -19.9 -17.7 -15.5 -12.625 1 2.91 -2.01875 -2.01875 -2.01875  \
  -9.8155 -3.06162e-16 -26.5 2.2 -24.3 -22.1 -19.9 -17.7 -15.5 -12.875  \
  1 1.97 -2.00625 -2.00625 -2.00625 -10.2345 -1.83697e-16 -26.5 2.2 -24.3  \
  -22.1 -19.9 -17.7 -15.5 -13.125 1 1.03 -1.99375 -1.99375 -1.99375  \
  -10.6535 -6.12323e-17 2.2 -13.375 1 0.09 -1.98125 -1.98125 -1.98125 -11.0725  \
  6.12323e-17 2.2 -13.625 1 -0.85 -1.96875 -1.96875 -1.96875 -11.4915 1.83697e-16  \
  2.2 -13.875 1 -1.79 -1.95625 -1.95625 -1.95625 -11.9105 3.06162e-16 2.2  \
  -14.125 1 -2.73 -1.94375 -1.94375 -1.94375 -12.3295 4.28626e-16 2.2 -14.375  \
  1 -3.67 -1.93125 -1.93125 -1.93125 -12.7485 5.51091e-16 2.2 -14.625 1  \
  -4.61 -1.91875 -1.91875 -1.91875 -13.1675 6.73556e-16 2.2 -14.875 1 -5.55  \
  -1.90625 -1.90625 -1.90625 -13.5865 7.9602e-16 2.2 -15.125 1 -14.0055 2.2  \
  -15.375 1 -14.4245 2.2 -15.625 1 -14.8435 2.2 -15.875 1  \
  -15.2625 2.2 -16.125 1 -15.6815 2.2 -16.375 1 -16.1005 2.2  \
  -16.625 1 -16.5195 2.2 -16.875 1 -16.9385 2.2 -17.125 1  \
  -17.3575 -17.375 1 -17.7765 -17.625 1 -18.1955 -17.875 1 -18.6145  \
  -18.125 1 -19.0335 -18.375 1 -19.4525 -18.625 1 -19.8715 -18.875  \
  1 -20.2905 -19.125 -20.7095 -19.375 -21.1285 -19.625 -21.5475 -19.875 -21.9665  \
  -20.125 -22.3855 -20.375 -22.8045 -20.625 -23.2235 -20.875 -23.6425 -21.125 -24.0615  \
  -21.375 -24.4805 -21.625 -24.8995 -21.875 -25.3185 -22.125 -25.7375 -22.375 -26.1565  \
  -22.625 -26.5755 -22.875 -26.9945 -23.125 -27.4135 -23.375 -27.8325 -23.625 -28.2515  \
  -23.875 -28.6705 -24.125 -29.0895 -24.375 -29.5085 -24.625 -29.9275 -24.875 -30.3465  \
  -25.125 -30.7655 -25.375 -31.1845 -25.625 -31.6035 -25.875 -32.0225 -26.125 -32.4415  \
  -26.375 -32.8605 -26.625 -33.2795 -26.875 -33.6985 -27.125 -27.375 -27.625 -27.875  \
  -28.125 -28.375 -28.625 -28.875 
CellYArray:  Double_t \
  -1.3318e-15 40.5 67 0 0 32.7 67 0 0 0  \
  -1.86128e-15 44 -9.6125 43.0208 -9.6125 -9.6125 -9.6125 -9.6125 -9.6125 -1.30119e-15  \
  33.7 67 0 0 0 -1.80997e-15 46 -7.4375 44.0625 -7.4375  \
  -7.4375 -7.4375 -7.4375 -7.4375 -1.27057e-15 34.7 67 0 0 0  \
  -1.75865e-15 48 -5.2625 45.1042 -5.2625 -5.2625 -5.2625 -5.2625 -5.2625 -1.23995e-15  \
  35.7 67 0 0 0 -1.70734e-15 50 -3.0875 46.1458 -3.0875  \
  -3.0875 -3.0875 -3.0875 -3.0875 -1.20934e-15 36.7 67 0 0 0  \
  -1.65603e-15 52 -0.9125 47.1875 -0.9125 -0.9125 -0.9125 -0.9125 -0.9125 -1.17872e-15  \
  37.7 67 0 0 0 -1.60472e-15 54 1.2625 48.2292 1.2625  \
  1.2625 1.2625 1.2625 1.2625 -1.14811e-15 38.7 67 0 0 0  \
  -1.5534e-15 56 3.4375 49.2708 3.4375 3.4375 3.4375 3.4375 3.4375 -1.11749e-15  \
  39.7 67 0 0 0 -1.50209e-15 58 5.6125 50.3125 5.6125  \
  5.6125 5.6125 5.6125 5.6125 -1.08687e-15 40.7 67 0 0 0  \
  -1.45078e-15 60 51.3542 -1.05626e-15 41.7 67 0 0 0 -1.39947e-15  \
  62 52.3958 -1.02564e-15 42.7 67 0 0 0 -1.34815e-15 64  \
  53.4375 -9.95025e-16 43.7 67 0 0 0 -1.29684e-15 66 54.4792  \
  -9.64409e-16 44.7 67 0 0 0 -1.24553e-15 68 55.5208 -9.33793e-16  \
  45.7 67 0 0 0 -1.19421e-15 70 56.5625 -9.03177e-16 46.7  \
  67 0 0 0 -1.1429e-15 72 57.6042 -8.72561e-16 47.7 67  \
  0 0 0 -1.09159e-15 74 58.6458 -8.41945e-16 48.7 -1.04028e-15 59.6875  \
  -8.11328e-16 49.7 -9.88963e-16 60.7292 -7.80712e-16 50.7 -9.37651e-16 61.7708 -7.50096e-16 51.7  \
  -8.86338e-16 62.8125 -7.1948e-16 52.7 -8.35025e-16 63.8542 -6.88864e-16 53.7 -7.83713e-16 64.8958  \
  -6.58248e-16 54.7 -7.324e-16 65.9375 -6.27632e-16 55.7 -6.81087e-16 66.9792 -5.97015e-16 56.7  \
  -6.29775e-16 -5.66399e-16 57.7 -5.78462e-16 -5.35783e-16 58.7 -5.27149e-16 -5.05167e-16 59.7 -4.75837e-16  \
  -4.74551e-16 60.7 -4.24524e-16 -4.43934e-16 61.7 -3.73211e-16 -4.13318e-16 62.7 -3.21898e-16 -3.82702e-16  \
  63.7 -2.70586e-16 -3.52086e-16 -2.19273e-16 -3.2147e-16 -1.6796e-16 -2.90854e-16 -1.16648e-16 -2.60237e-16 -6.53349e-17  \
  -2.29621e-16 -1.40222e-17 -1.99005e-16 3.72905e-17 -1.68389e-16 8.86032e-17 -1.37773e-16 1.39916e-16 -1.07157e-16 1.91229e-16  \
  -7.65404e-17 2.42541e-16 -4.59243e-17 2.93854e-16 -1.53081e-17 3.45167e-16 1.53081e-17 3.96479e-16 4.59243e-17 4.47792e-16  \
  7.65404e-17 4.99105e-16 1.07157e-16 5.50418e-16 1.37773e-16 6.0173e-16 1.68389e-16 6.53043e-16 1.99005e-16 7.04356e-16  \
  2.29621e-16 7.55668e-16 2.60237e-16 8.06981e-16 2.90854e-16 8.58294e-16 3.2147e-16 9.09606e-16 3.52086e-16 9.60919e-16  \
  3.82702e-16 1.01223e-15 4.13318e-16 1.06354e-15 4.43934e-16 1.11486e-15 4.74551e-16 1.16617e-15 5.05167e-16 1.21748e-15  \
  5.35783e-16 1.2688e-15 5.66399e-16 1.32011e-15 5.97015e-16 1.37142e-15 6.27632e-16 6.58248e-16 6.88864e-16 7.1948e-16  \
  7.50096e-16 7.80712e-16 8.11328e-16 8.41945e-16 
CellZArray:  Double_t \
  341.1 258.4 375.8 262.4 365.8 265.9 367.4 -2.1 -2.1 -2.1  \
  282.9 332.3 313.6 297.5 313.6 305.6 305.6 313.6 313.6 341.1  \
  265.9 367.4 -2.1 -2.1 -2.1 282.9 332.3 313.6 297.5 313.6  \
  305.6 305.6 313.6 313.6 341.1 265.9 367.4 -2.1 -2.1 -2.1  \
  282.9 332.3 313.6 297.5 313.6 305.6 305.6 313.6 313.6 341.1  \
  265.9 367.4 -2.1 -2.1 -2.1 282.9 332.3 313.6 297.5 313.6  \
  305.6 305.6 313.6 313.6 341.1 265.9 367.4 -2.1 -2.1 -2.1  \
  282.9 332.3 313.6 297.5 313.6 305.6 305.6 313.6 313.6 341.1  \
  265.9 367.4 -2.1 -2.1 -2.1 282.9 332.3 313.6 297.5 313.6  \
  305.6 305.6 313.6 313.6 341.1 265.9 367.4 -2.1 -2.1 -2.1  \
  282.9 332.3 313.6 297.5 313.6 305.6 305.6 313.6 313.6 341.1  \
  265.9 367.4 -2.1 -2.1 -2.1 282.9 332.3 313.6 297.5 313.6  \
  305.6 305.6 313.6 313.6 341.1 265.9 367.4 -2.1 -2.1 -2.1  \
  282.9 332.3 297.5 341.1 265.9 367.4 -2.1 -2.1 -2.1 282.9  \
  332.3 297.5 341.1 265.9 367.4 -2.1 -2.1 -2.1 282.9 332.3  \
  297.5 341.1 265.9 367.4 -2.1 -2.1 -2.1 282.9 332.3 297.5  \
  341.1 265.9 367.4 -2.1 -2.1 -2.1 282.9 332.3 297.5 341.1  \
  265.9 367.4 -2.1 -2.1 -2.1 282.9 332.3 297.5 341.1 265.9  \
  367.4 -2.1 -2.1 -2.1 282.9 332.3 297.5 341.1 265.9 367.4  \
  -2.1 -2.1 -2.1 282.9 332.3 297.5 341.1 265.9 282.9 297.5  \
  341.1 265.9 282.9 297.5 341.1 265.9 282.9 297.5 341.1 265.9  \
  282.9 297.5 341.1 265.9 282.9 297.5 341.1 265.9 282.9 297.5  \
  341.1 265.9 282.9 297.5 341.1 265.9 282.9 297.5 341.1 265.9  \
  282.9 341.1 265.9 282.9 341.1 265.9 282.9 341.1 265.9 282.9  \
  341.1 265.9 282.9 341.1 265.9 282.9 341.1 265.9 282.9 341.1  \
  265.9 282.9 341.1 282.9 341.1 282.9 341.1 282.9 341.1 282.9  \
  341.1 282.9 341.1 282.9 341.1 282.9 341.1 282.9 341.1 282.9  \
  341.1 282.9 341.1 282.9 341.1 282.9 341.1 282.9 341.1 282.9  \
  341.1 282.9 341.1 282.9 341.1 282.9 341.1 282.9 341.1 282.9  \
  341.1 282.9 341.1 282.9 341.1 282.9 341.1 282.9 341.1 282.9  \
  341.1 282.9 341.1 282.9 341.1 282.9 341.1 282.9 341.1 282.9  \
  341.1 282.9 341.1 282.9 341.1 282.9 341.1 341.1 341.1 341.1  \
  341.1 341.1 341.1 341.1 
CellDxArray:  Double_t \
  0.25 2 2 2 2 1 0.94 0.0125 0.0125 0.0125  \
  0.419 2 2.175 1.04167 2.175 2.175 2.175 2.175 2.175 0.25  \
  1 0.94 0.0125 0.0125 0.0125 0.419 2 2.175 1.04167 2.175  \
  2.175 2.175 2.175 2.175 0.25 1 0.94 0.0125 0.0125 0.0125  \
  0.419 2 2.175 1.04167 2.175 2.175 2.175 2.175 2.175 0.25  \
  1 0.94 0.0125 0.0125 0.0125 0.419 2 2.175 1.04167 2.175  \
  2.175 2.175 2.175 2.175 0.25 1 0.94 0.0125 0.0125 0.0125  \
  0.419 2 2.175 1.04167 2.175 2.175 2.175 2.175 2.175 0.25  \
  1 0.94 0.0125 0.0125 0.0125 0.419 2 2.175 1.04167 2.175  \
  2.175 2.175 2.175 2.175 0.25 1 0.94 0.0125 0.0125 0.0125  \
  0.419 2 2.175 1.04167 2.175 2.175 2.175 2.175 2.175 0.25  \
  1 0.94 0.0125 0.0125 0.0125 0.419 2 2.175 1.04167 2.175  \
  2.175 2.175 2.175 2.175 0.25 1 0.94 0.0125 0.0125 0.0125  \
  0.419 2 1.04167 0.25 1 0.94 0.0125 0.0125 0.0125 0.419  \
  2 1.04167 0.25 1 0.94 0.0125 0.0125 0.0125 0.419 2  \
  1.04167 0.25 1 0.94 0.0125 0.0125 0.0125 0.419 2 1.04167  \
  0.25 1 0.94 0.0125 0.0125 0.0125 0.419 2 1.04167 0.25  \
  1 0.94 0.0125 0.0125 0.0125 0.419 2 1.04167 0.25 1  \
  0.94 0.0125 0.0125 0.0125 0.419 2 1.04167 0.25 1 0.94  \
  0.0125 0.0125 0.0125 0.419 2 1.04167 0.25 1 0.419 1.04167  \
  0.25 1 0.419 1.04167 0.25 1 0.419 1.04167 0.25 1  \
  0.419 1.04167 0.25 1 0.419 1.04167 0.25 1 0.419 1.04167  \
  0.25 1 0.419 1.04167 0.25 1 0.419 1.04167 0.25 1  \
  0.419 0.25 1 0.419 0.25 1 0.419 0.25 1 0.419  \
  0.25 1 0.419 0.25 1 0.419 0.25 1 0.419 0.25  \
  1 0.419 0.25 0.419 0.25 0.419 0.25 0.419 0.25 0.419  \
  0.25 0.419 0.25 0.419 0.25 0.419 0.25 0.419 0.25 0.419  \
  0.25 0.419 0.25 0.419 0.25 0.419 0.25 0.419 0.25 0.419  \
  0.25 0.419 0.25 0.419 0.25 0.419 0.25 0.419 0.25 0.419  \
  0.25 0.419 0.25 0.419 0.25 0.419 0.25 0.419 0.25 0.419  \
  0.25 0.419 0.25 0.419 0.25 0.419 0.25 0.419 0.25 0.419  \
  0.25 0.419 0.25 0.419 0.25 0.419 0.25 0.25 0.25 0.25  \
  0.25 0.25 0.25 0.25 
CellDyArray:  Double_t \
  4.6 10 10 10 10 26.9 4 0.2 0.2 0.2  \
  20 27 2 26.7 2 2 2 2 2 4.6  \
  26.9 4 0.2 0.2 0.2 20 27 2 26.7 2  \
  2 2 2 2 4.6 26.9 4 0.2 0.2 0.2  \
  20 27 2 26.7 2 2 2 2 2 4.6  \
  26.9 4 0.2 0.2 0.2 20 27 2 26.7 2  \
  2 2 2 2 4.6 26.9 4 0.2 0.2 0.2  \
  20 27 2 26.7 2 2 2 2 2 4.6  \
  26.9 4 0.2 0.2 0.2 20 27 2 26.7 2  \
  2 2 2 2 4.6 26.9 4 0.2 0.2 0.2  \
  20 27 2 26.7 2 2 2 2 2 4.6  \
  26.9 4 0.2 0.2 0.2 20 27 2 26.7 2  \
  2 2 2 2 4.6 26.9 4 0.2 0.2 0.2  \
  20 27 26.7 4.6 26.9 4 0.2 0.2 0.2 20  \
  27 26.7 4.6 26.9 4 0.2 0.2 0.2 20 27  \
  26.7 4.6 26.9 4 0.2 0.2 0.2 20 27 26.7  \
  4.6 26.9 4 0.2 0.2 0.2 20 27 26.7 4.6  \
  26.9 4 0.2 0.2 0.2 20 27 26.7 4.6 26.9  \
  4 0.2 0.2 0.2 20 27 26.7 4.6 26.9 4  \
  0.2 0.2 0.2 20 27 26.7 4.6 26.9 20 26.7  \
  4.6 26.9 20 26.7 4.6 26.9 20 26.7 4.6 26.9  \
  20 26.7 4.6 26.9 20 26.7 4.6 26.9 20 26.7  \
  4.6 26.9 20 26.7 4.6 26.9 20 26.7 4.6 26.9  \
  20 4.6 26.9 20 4.6 26.9 20 4.6 26.9 20  \
  4.6 26.9 20 4.6 26.9 20 4.6 26.9 20 4.6  \
  26.9 20 4.6 20 4.6 20 4.6 20 4.6 20  \
  4.6 20 4.6 20 4.6 20 4.6 20 4.6 20  \
  4.6 20 4.6 20 4.6 20 4.6 20 4.6 20  \
  4.6 20 4.6 20 4.6 20 4.6 20 4.6 20  \
  4.6 20 4.6 20 4.6 20 4.6 20 4.6 20  \
  4.6 20 4.6 20 4.6 20 4.6 20 4.6 20  \
  4.6 20 4.6 20 4.6 20 4.6 4.6 4.6 4.6  \
  4.6 4.6 4.6 4.6 
