##############################################################################
# Class:   CbmTofDigiPar
# Context: TestDefaultContext
##############################################################################
[CbmTofDigiPar]
//----------------------------------------------------------------------------
NrOfCells:  Int_t  324 
CellIdArray:  Int_t \
  4102 8198 8214 8230 8246 12294 16390 20486 20502 20518  \
  24582 28678 32774 36870 98310 163846 229382 294918 360454 16781318  \
  16789510 16793606 16797702 16797718 16797734 16801798 16805894 16809990 16814086 16875526  \
  16941062 17006598 17072134 17137670 33558534 33566726 33570822 33574918 33574934 33574950  \
  33579014 33583110 33587206 33591302 33652742 33718278 33783814 33849350 33914886 50335750  \
  50343942 50348038 50352134 50352150 50352166 50356230 50360326 50364422 50368518 50429958  \
  50495494 50561030 50626566 50692102 67112966 67121158 67125254 67129350 67129366 67129382  \
  67133446 67137542 67141638 67145734 67207174 67272710 67338246 67403782 67469318 83890182  \
  83898374 83902470 83906566 83906582 83906598 83910662 83914758 83918854 83922950 83984390  \
  84049926 84115462 84180998 84246534 100667398 100675590 100679686 100683782 100683798 100683814  \
  100687878 100691974 100696070 100700166 100761606 100827142 100892678 100958214 101023750 117444614  \
  117452806 117456902 117460998 117461014 117461030 117465094 117469190 117473286 117477382 117538822  \
  117604358 117669894 117735430 117800966 134221830 134230022 134234118 134238214 134238230 134238246  \
  134242310 134246406 134254598 150999046 151007238 151011334 151015430 151015446 151015462 151019526  \
  151023622 151031814 167776262 167784454 167788550 167792646 167792662 167792678 167796742 167800838  \
  167809030 184553478 184561670 184565766 184569862 184569878 184569894 184573958 184578054 184586246  \
  201330694 201338886 201342982 201347078 201347094 201347110 201351174 201355270 201363462 218107910  \
  218116102 218120198 218124294 218124310 218124326 218128390 218132486 218140678 234885126 234893318  \
  234897414 234901510 234901526 234901542 234905606 234909702 234917894 251662342 251670534 251674630  \
  251678726 251678742 251678758 251682822 251686918 251695110 268439558 268447750 268460038 268472326  \
  285216774 285224966 285237254 285249542 301993990 302002182 302014470 302026758 318771206 318779398  \
  318791686 318803974 335548422 335556614 335568902 335581190 352325638 352333830 352346118 352358406  \
  369102854 369111046 369123334 369135622 385880070 385888262 385900550 385912838 402657286 402665478  \
  402677766 419434502 419442694 419454982 436211718 436219910 436232198 452988934 452997126 453009414  \
  469766150 469774342 469786630 486543366 486551558 486563846 503320582 503328774 503341062 520097798  \
  520105990 520118278 536875014 536895494 553652230 553672710 570429446 570449926 587206662 587227142  \
  603983878 604004358 620761094 620781574 637538310 637558790 654315526 654336006 671092742 671113222  \
  687869958 687890438 704647174 704667654 721424390 721444870 738201606 738222086 754978822 754999302  \
  771756038 771776518 788533254 788553734 805310470 805330950 822087686 822108166 838864902 838885382  \
  855642118 855662598 872419334 872439814 889196550 889217030 905973766 905994246 922750982 922771462  \
  939528198 939548678 956305414 956325894 973082630 973103110 989859846 989880326 1006637062 1006657542  \
  1023414278 1023434758 1040191494 1040211974 1056968710 1056989190 1073745926 1090523142 1107300358 1124077574  \
  1140854790 1157632006 1174409222 1191186438 
CellXArray:  Double_t \
  -35.125 0 0 25 33.7 -1.07157e-15 9.05 -2.09375 -2.09375 -2.09375  \
  -23.2015 -1.04095e-15 -50 1.6 -47.8 -45.6 -43.4 -41.2 -39 -35.375  \
  -1.01033e-15 8.11 -2.08125 -2.08125 -2.08125 -23.6205 -9.18485e-16 -50 1.6 -47.8  \
  -45.6 -43.4 -41.2 -39 -35.625 -9.49101e-16 7.17 -2.06875 -2.06875 -2.06875  \
  -24.0395 -7.9602e-16 -50 1.6 -47.8 -45.6 -43.4 -41.2 -39 -35.875  \
  -8.87869e-16 6.23 -2.05625 -2.05625 -2.05625 -24.4585 -6.73556e-16 -50 1.6 -47.8  \
  -45.6 -43.4 -41.2 -39 -36.125 -8.26637e-16 5.29 -2.04375 -2.04375 -2.04375  \
  -24.8775 -5.51091e-16 -50 1.6 -47.8 -45.6 -43.4 -41.2 -39 -36.375  \
  -7.65404e-16 4.35 -2.03125 -2.03125 -2.03125 -25.2965 -4.28626e-16 -50 1.6 -47.8  \
  -45.6 -43.4 -41.2 -39 -36.625 -7.04172e-16 3.41 -2.01875 -2.01875 -2.01875  \
  -25.7155 -3.06162e-16 -50 1.6 -47.8 -45.6 -43.4 -41.2 -39 -36.875  \
  -6.4294e-16 2.47 -2.00625 -2.00625 -2.00625 -26.1345 -1.83697e-16 -50 1.6 -47.8  \
  -45.6 -43.4 -41.2 -39 -37.125 -5.81707e-16 1.53 -1.99375 -1.99375 -1.99375  \
  -26.5535 -6.12323e-17 1.6 -37.375 -5.20475e-16 0.59 -1.98125 -1.98125 -1.98125 -26.9725  \
  6.12323e-17 1.6 -37.625 -4.59243e-16 -0.35 -1.96875 -1.96875 -1.96875 -27.3915 1.83697e-16  \
  1.6 -37.875 -3.9801e-16 -1.29 -1.95625 -1.95625 -1.95625 -27.8105 3.06162e-16 1.6  \
  -38.125 -3.36778e-16 -2.23 -1.94375 -1.94375 -1.94375 -28.2295 4.28626e-16 1.6 -38.375  \
  -2.75546e-16 -3.17 -1.93125 -1.93125 -1.93125 -28.6485 5.51091e-16 1.6 -38.625 -2.14313e-16  \
  -4.11 -1.91875 -1.91875 -1.91875 -29.0675 6.73556e-16 1.6 -38.875 -1.53081e-16 -5.05  \
  -1.90625 -1.90625 -1.90625 -29.4865 7.9602e-16 1.6 -39.125 -9.18485e-17 -29.9055 1.6  \
  -39.375 -3.06162e-17 -30.3245 1.6 -39.625 3.06162e-17 -30.7435 1.6 -39.875 9.18485e-17  \
  -31.1625 1.6 -40.125 1.53081e-16 -31.5815 1.6 -40.375 2.14313e-16 -32.0005 1.6  \
  -40.625 2.75546e-16 -32.4195 1.6 -40.875 3.36778e-16 -32.8385 1.6 -41.125 3.9801e-16  \
  -33.2575 -41.375 4.59243e-16 -33.6765 -41.625 5.20475e-16 -34.0955 -41.875 5.81707e-16 -34.5145  \
  -42.125 6.4294e-16 -34.9335 -42.375 7.04172e-16 -35.3525 -42.625 7.65404e-16 -35.7715 -42.875  \
  8.26637e-16 -36.1905 -43.125 -36.6095 -43.375 -37.0285 -43.625 -37.4475 -43.875 -37.8665  \
  -44.125 -38.2855 -44.375 -38.7045 -44.625 -39.1235 -44.875 -39.5425 -45.125 -39.9615  \
  -45.375 -40.3805 -45.625 -40.7995 -45.875 -41.2185 -46.125 -41.6375 -46.375 -42.0565  \
  -46.625 -42.4755 -46.875 -42.8945 -47.125 -43.3135 -47.375 -43.7325 -47.625 -44.1515  \
  -47.875 -44.5705 -48.125 -44.9895 -48.375 -45.4085 -48.625 -45.8275 -48.875 -46.2465  \
  -49.125 -46.6655 -49.375 -47.0845 -49.625 -47.5035 -49.875 -47.9225 -50.125 -48.3415  \
  -50.375 -48.7605 -50.625 -49.1795 -50.875 -49.5985 -51.125 -51.375 -51.625 -51.875  \
  -52.125 -52.375 -52.625 -52.875 
CellYArray:  Double_t \
  -1.3318e-15 -120 -120 -120 -120 32.7 67 0 0 0  \
  -1.86128e-15 42.5 -9.6125 42.5208 -9.6125 -9.6125 -9.6125 -9.6125 -9.6125 -1.30119e-15  \
  33.7 67 0 0 0 -1.80997e-15 44.5 -7.4375 43.5625 -7.4375  \
  -7.4375 -7.4375 -7.4375 -7.4375 -1.27057e-15 34.7 67 0 0 0  \
  -1.75865e-15 46.5 -5.2625 44.6042 -5.2625 -5.2625 -5.2625 -5.2625 -5.2625 -1.23995e-15  \
  35.7 67 0 0 0 -1.70734e-15 48.5 -3.0875 45.6458 -3.0875  \
  -3.0875 -3.0875 -3.0875 -3.0875 -1.20934e-15 36.7 67 0 0 0  \
  -1.65603e-15 50.5 -0.9125 46.6875 -0.9125 -0.9125 -0.9125 -0.9125 -0.9125 -1.17872e-15  \
  37.7 67 0 0 0 -1.60472e-15 52.5 1.2625 47.7292 1.2625  \
  1.2625 1.2625 1.2625 1.2625 -1.14811e-15 38.7 67 0 0 0  \
  -1.5534e-15 54.5 3.4375 48.7708 3.4375 3.4375 3.4375 3.4375 3.4375 -1.11749e-15  \
  39.7 67 0 0 0 -1.50209e-15 56.5 5.6125 49.8125 5.6125  \
  5.6125 5.6125 5.6125 5.6125 -1.08687e-15 40.7 67 0 0 0  \
  -1.45078e-15 58.5 50.8542 -1.05626e-15 41.7 67 0 0 0 -1.39947e-15  \
  60.5 51.8958 -1.02564e-15 42.7 67 0 0 0 -1.34815e-15 62.5  \
  52.9375 -9.95025e-16 43.7 67 0 0 0 -1.29684e-15 64.5 53.9792  \
  -9.64409e-16 44.7 67 0 0 0 -1.24553e-15 66.5 55.0208 -9.33793e-16  \
  45.7 67 0 0 0 -1.19421e-15 68.5 56.0625 -9.03177e-16 46.7  \
  67 0 0 0 -1.1429e-15 70.5 57.1042 -8.72561e-16 47.7 67  \
  0 0 0 -1.09159e-15 72.5 58.1458 -8.41945e-16 48.7 -1.04028e-15 59.1875  \
  -8.11328e-16 49.7 -9.88963e-16 60.2292 -7.80712e-16 50.7 -9.37651e-16 61.2708 -7.50096e-16 51.7  \
  -8.86338e-16 62.3125 -7.1948e-16 52.7 -8.35025e-16 63.3542 -6.88864e-16 53.7 -7.83713e-16 64.3958  \
  -6.58248e-16 54.7 -7.324e-16 65.4375 -6.27632e-16 55.7 -6.81087e-16 66.4792 -5.97015e-16 56.7  \
  -6.29775e-16 -5.66399e-16 57.7 -5.78462e-16 -5.35783e-16 58.7 -5.27149e-16 -5.05167e-16 59.7 -4.75837e-16  \
  -4.74551e-16 60.7 -4.24524e-16 -4.43934e-16 61.7 -3.73211e-16 -4.13318e-16 62.7 -3.21898e-16 -3.82702e-16  \
  63.7 -2.70586e-16 -3.52086e-16 -2.19273e-16 -3.2147e-16 -1.6796e-16 -2.90854e-16 -1.16648e-16 -2.60237e-16 -6.53349e-17  \
  -2.29621e-16 -1.40222e-17 -1.99005e-16 3.72905e-17 -1.68389e-16 8.86032e-17 -1.37773e-16 1.39916e-16 -1.07157e-16 1.91229e-16  \
  -7.65404e-17 2.42541e-16 -4.59243e-17 2.93854e-16 -1.53081e-17 3.45167e-16 1.53081e-17 3.96479e-16 4.59243e-17 4.47792e-16  \
  7.65404e-17 4.99105e-16 1.07157e-16 5.50418e-16 1.37773e-16 6.0173e-16 1.68389e-16 6.53043e-16 1.99005e-16 7.04356e-16  \
  2.29621e-16 7.55668e-16 2.60237e-16 8.06981e-16 2.90854e-16 8.58294e-16 3.2147e-16 9.09606e-16 3.52086e-16 9.60919e-16  \
  3.82702e-16 1.01223e-15 4.13318e-16 1.06354e-15 4.43934e-16 1.11486e-15 4.74551e-16 1.16617e-15 5.05167e-16 1.21748e-15  \
  5.35783e-16 1.2688e-15 5.66399e-16 1.32011e-15 5.97015e-16 1.37142e-15 6.27632e-16 6.58248e-16 6.88864e-16 7.1948e-16  \
  7.50096e-16 7.80712e-16 8.11328e-16 8.41945e-16 
CellZArray:  Double_t \
  405 190.9 262.9 191.7 258.4 323.1 425.2 -2.1 -2.1 -2.1  \
  340.6 390 373.9 354.9 373.9 365.9 365.9 373.9 373.9 405  \
  323.1 425.2 -2.1 -2.1 -2.1 340.6 390 373.9 354.9 373.9  \
  365.9 365.9 373.9 373.9 405 323.1 425.2 -2.1 -2.1 -2.1  \
  340.6 390 373.9 354.9 373.9 365.9 365.9 373.9 373.9 405  \
  323.1 425.2 -2.1 -2.1 -2.1 340.6 390 373.9 354.9 373.9  \
  365.9 365.9 373.9 373.9 405 323.1 425.2 -2.1 -2.1 -2.1  \
  340.6 390 373.9 354.9 373.9 365.9 365.9 373.9 373.9 405  \
  323.1 425.2 -2.1 -2.1 -2.1 340.6 390 373.9 354.9 373.9  \
  365.9 365.9 373.9 373.9 405 323.1 425.2 -2.1 -2.1 -2.1  \
  340.6 390 373.9 354.9 373.9 365.9 365.9 373.9 373.9 405  \
  323.1 425.2 -2.1 -2.1 -2.1 340.6 390 373.9 354.9 373.9  \
  365.9 365.9 373.9 373.9 405 323.1 425.2 -2.1 -2.1 -2.1  \
  340.6 390 354.9 405 323.1 425.2 -2.1 -2.1 -2.1 340.6  \
  390 354.9 405 323.1 425.2 -2.1 -2.1 -2.1 340.6 390  \
  354.9 405 323.1 425.2 -2.1 -2.1 -2.1 340.6 390 354.9  \
  405 323.1 425.2 -2.1 -2.1 -2.1 340.6 390 354.9 405  \
  323.1 425.2 -2.1 -2.1 -2.1 340.6 390 354.9 405 323.1  \
  425.2 -2.1 -2.1 -2.1 340.6 390 354.9 405 323.1 425.2  \
  -2.1 -2.1 -2.1 340.6 390 354.9 405 323.1 340.6 354.9  \
  405 323.1 340.6 354.9 405 323.1 340.6 354.9 405 323.1  \
  340.6 354.9 405 323.1 340.6 354.9 405 323.1 340.6 354.9  \
  405 323.1 340.6 354.9 405 323.1 340.6 354.9 405 323.1  \
  340.6 405 323.1 340.6 405 323.1 340.6 405 323.1 340.6  \
  405 323.1 340.6 405 323.1 340.6 405 323.1 340.6 405  \
  323.1 340.6 405 340.6 405 340.6 405 340.6 405 340.6  \
  405 340.6 405 340.6 405 340.6 405 340.6 405 340.6  \
  405 340.6 405 340.6 405 340.6 405 340.6 405 340.6  \
  405 340.6 405 340.6 405 340.6 405 340.6 405 340.6  \
  405 340.6 405 340.6 405 340.6 405 340.6 405 340.6  \
  405 340.6 405 340.6 405 340.6 405 340.6 405 340.6  \
  405 340.6 405 340.6 405 340.6 405 405 405 405  \
  405 405 405 405 
CellDxArray:  Double_t \
  0.25 2 2 2 2 1 0.94 0.0125 0.0125 0.0125  \
  0.419 2 2.175 1.04167 2.175 2.175 2.175 2.175 2.175 0.25  \
  1 0.94 0.0125 0.0125 0.0125 0.419 2 2.175 1.04167 2.175  \
  2.175 2.175 2.175 2.175 0.25 1 0.94 0.0125 0.0125 0.0125  \
  0.419 2 2.175 1.04167 2.175 2.175 2.175 2.175 2.175 0.25  \
  1 0.94 0.0125 0.0125 0.0125 0.419 2 2.175 1.04167 2.175  \
  2.175 2.175 2.175 2.175 0.25 1 0.94 0.0125 0.0125 0.0125  \
  0.419 2 2.175 1.04167 2.175 2.175 2.175 2.175 2.175 0.25  \
  1 0.94 0.0125 0.0125 0.0125 0.419 2 2.175 1.04167 2.175  \
  2.175 2.175 2.175 2.175 0.25 1 0.94 0.0125 0.0125 0.0125  \
  0.419 2 2.175 1.04167 2.175 2.175 2.175 2.175 2.175 0.25  \
  1 0.94 0.0125 0.0125 0.0125 0.419 2 2.175 1.04167 2.175  \
  2.175 2.175 2.175 2.175 0.25 1 0.94 0.0125 0.0125 0.0125  \
  0.419 2 1.04167 0.25 1 0.94 0.0125 0.0125 0.0125 0.419  \
  2 1.04167 0.25 1 0.94 0.0125 0.0125 0.0125 0.419 2  \
  1.04167 0.25 1 0.94 0.0125 0.0125 0.0125 0.419 2 1.04167  \
  0.25 1 0.94 0.0125 0.0125 0.0125 0.419 2 1.04167 0.25  \
  1 0.94 0.0125 0.0125 0.0125 0.419 2 1.04167 0.25 1  \
  0.94 0.0125 0.0125 0.0125 0.419 2 1.04167 0.25 1 0.94  \
  0.0125 0.0125 0.0125 0.419 2 1.04167 0.25 1 0.419 1.04167  \
  0.25 1 0.419 1.04167 0.25 1 0.419 1.04167 0.25 1  \
  0.419 1.04167 0.25 1 0.419 1.04167 0.25 1 0.419 1.04167  \
  0.25 1 0.419 1.04167 0.25 1 0.419 1.04167 0.25 1  \
  0.419 0.25 1 0.419 0.25 1 0.419 0.25 1 0.419  \
  0.25 1 0.419 0.25 1 0.419 0.25 1 0.419 0.25  \
  1 0.419 0.25 0.419 0.25 0.419 0.25 0.419 0.25 0.419  \
  0.25 0.419 0.25 0.419 0.25 0.419 0.25 0.419 0.25 0.419  \
  0.25 0.419 0.25 0.419 0.25 0.419 0.25 0.419 0.25 0.419  \
  0.25 0.419 0.25 0.419 0.25 0.419 0.25 0.419 0.25 0.419  \
  0.25 0.419 0.25 0.419 0.25 0.419 0.25 0.419 0.25 0.419  \
  0.25 0.419 0.25 0.419 0.25 0.419 0.25 0.419 0.25 0.419  \
  0.25 0.419 0.25 0.419 0.25 0.419 0.25 0.25 0.25 0.25  \
  0.25 0.25 0.25 0.25 
CellDyArray:  Double_t \
  4.6 10 10 10 10 26.9 4 0.2 0.2 0.2  \
  20 27 2 26.7 2 2 2 2 2 4.6  \
  26.9 4 0.2 0.2 0.2 20 27 2 26.7 2  \
  2 2 2 2 4.6 26.9 4 0.2 0.2 0.2  \
  20 27 2 26.7 2 2 2 2 2 4.6  \
  26.9 4 0.2 0.2 0.2 20 27 2 26.7 2  \
  2 2 2 2 4.6 26.9 4 0.2 0.2 0.2  \
  20 27 2 26.7 2 2 2 2 2 4.6  \
  26.9 4 0.2 0.2 0.2 20 27 2 26.7 2  \
  2 2 2 2 4.6 26.9 4 0.2 0.2 0.2  \
  20 27 2 26.7 2 2 2 2 2 4.6  \
  26.9 4 0.2 0.2 0.2 20 27 2 26.7 2  \
  2 2 2 2 4.6 26.9 4 0.2 0.2 0.2  \
  20 27 26.7 4.6 26.9 4 0.2 0.2 0.2 20  \
  27 26.7 4.6 26.9 4 0.2 0.2 0.2 20 27  \
  26.7 4.6 26.9 4 0.2 0.2 0.2 20 27 26.7  \
  4.6 26.9 4 0.2 0.2 0.2 20 27 26.7 4.6  \
  26.9 4 0.2 0.2 0.2 20 27 26.7 4.6 26.9  \
  4 0.2 0.2 0.2 20 27 26.7 4.6 26.9 4  \
  0.2 0.2 0.2 20 27 26.7 4.6 26.9 20 26.7  \
  4.6 26.9 20 26.7 4.6 26.9 20 26.7 4.6 26.9  \
  20 26.7 4.6 26.9 20 26.7 4.6 26.9 20 26.7  \
  4.6 26.9 20 26.7 4.6 26.9 20 26.7 4.6 26.9  \
  20 4.6 26.9 20 4.6 26.9 20 4.6 26.9 20  \
  4.6 26.9 20 4.6 26.9 20 4.6 26.9 20 4.6  \
  26.9 20 4.6 20 4.6 20 4.6 20 4.6 20  \
  4.6 20 4.6 20 4.6 20 4.6 20 4.6 20  \
  4.6 20 4.6 20 4.6 20 4.6 20 4.6 20  \
  4.6 20 4.6 20 4.6 20 4.6 20 4.6 20  \
  4.6 20 4.6 20 4.6 20 4.6 20 4.6 20  \
  4.6 20 4.6 20 4.6 20 4.6 20 4.6 20  \
  4.6 20 4.6 20 4.6 20 4.6 4.6 4.6 4.6  \
  4.6 4.6 4.6 4.6 
