##############################################################################
# Class:   CbmTofDigiPar
# Context: TestDefaultContext
##############################################################################
[CbmTofDigiPar]
//----------------------------------------------------------------------------
NrOfCells:  Int_t  272 
CellIdArray:  Int_t \
  12294 16390 20502 20518 36870 36886 36902 102406 102422 102438  \
  16789510 16793606 16797718 16797734 16814086 16814102 16814118 16879622 16879638 16879654  \
  33566726 33570822 33574934 33574950 33591302 33591318 33591334 33656838 33656854 33656870  \
  50343942 50348038 50352150 50352166 50368518 50368534 50368550 50434054 50434070 50434086  \
  67121158 67125254 67129366 67129382 67145734 67145750 67145766 67211270 67211286 67211302  \
  83898374 83902470 83906582 83906598 83922950 83922966 83922982 83988486 83988502 83988518  \
  100675590 100679686 100683798 100683814 100700166 100700182 100700198 100765702 100765718 100765734  \
  117452806 117456902 117461014 117461030 117477382 117477398 117477414 117542918 117542934 117542950  \
  134230022 134234118 134238230 134238246 134254598 134254614 134254630 134320134 134320150 134320166  \
  151007238 151011334 151015446 151015462 151031814 151031830 151031846 151097350 151097366 151097382  \
  167784454 167788550 167792662 167792678 167809030 167809046 167809062 167874566 167874582 167874598  \
  184561670 184565766 184569878 184569894 184586246 184586262 184586278 184651782 184651798 184651814  \
  201338886 201342982 201347094 201347110 201363462 201363478 201363494 201428998 201429014 201429030  \
  218116102 218120198 218124310 218124326 218140678 218140694 218140710 218206214 218206230 218206246  \
  234893318 234897414 234901526 234901542 234917894 234917910 234917926 234983430 234983446 234983462  \
  251670534 251674630 251678742 251678758 251695110 251695126 251695142 251760646 251760662 251760678  \
  268447750 268472326 268472342 268472358 268537862 268537878 268537894 285224966 285249542 285249558  \
  285249574 285315078 285315094 285315110 302002182 302026758 302026774 302026790 302092294 302092310  \
  302092326 318779398 318803974 318803990 318804006 318869510 318869526 318869542 335556614 335581190  \
  335581206 335581222 335646726 335646742 335646758 352333830 352358406 352358422 352358438 352423942  \
  352423958 352423974 369111046 369135622 369135638 369135654 369201158 369201174 369201190 385888262  \
  385912838 385912854 385912870 385978374 385978390 385978406 402665478 402690054 402690070 402690086  \
  402755590 402755606 402755622 419442694 419467270 419467286 419467302 419532806 419532822 419532838  \
  436219910 436244486 436244502 436244518 436310022 436310038 436310054 452997126 453021702 453021718  \
  453021734 453087238 453087254 453087270 469774342 469798918 469798934 469798950 469864454 469864470  \
  469864486 486551558 486576134 486576150 486576166 486641670 486641686 486641702 503328774 503353350  \
  503353366 503353382 503418886 503418902 503418918 520105990 520130566 520130582 520130598 520196102  \
  520196118 520196134 
CellXArray:  Double_t \
  4.5 -4.35 -0.9375 -5.74053e-17 -13.5 -13.5 -13.5 -13.5 -13.5 -13.5  \
  4.5 -3.41 -0.8125 -4.97513e-17 -12.5 -12.5 -12.5 -12.5 -12.5 -12.5  \
  4.5 -2.47 -0.6875 -4.20972e-17 -11.5 -11.5 -11.5 -11.5 -11.5 -11.5  \
  4.5 -1.53 -0.5625 -3.44432e-17 -10.5 -10.5 -10.5 -10.5 -10.5 -10.5  \
  4.5 -0.59 -0.4375 -2.67891e-17 -9.5 -9.5 -9.5 -9.5 -9.5 -9.5  \
  4.5 0.35 -0.3125 -1.91351e-17 -8.5 -8.5 -8.5 -8.5 -8.5 -8.5  \
  4.5 1.29 -0.1875 -1.14811e-17 -7.5 -7.5 -7.5 -7.5 -7.5 -7.5  \
  4.5 2.23 -0.0625 -3.82702e-18 -6.5 -6.5 -6.5 -6.5 -6.5 -6.5  \
  4.5 3.17 0.0625 3.82702e-18 -5.5 -5.5 -5.5 -5.5 -5.5 -5.5  \
  4.5 4.11 0.1875 1.14811e-17 -4.5 -4.5 -4.5 -4.5 -4.5 -4.5  \
  4.5 5.05 0.3125 1.91351e-17 -3.5 -3.5 -3.5 -3.5 -3.5 -3.5  \
  4.5 5.99 0.4375 2.67891e-17 -2.5 -2.5 -2.5 -2.5 -2.5 -2.5  \
  4.5 6.93 0.5625 3.44432e-17 -1.5 -1.5 -1.5 -1.5 -1.5 -1.5  \
  4.5 7.87 0.6875 4.20972e-17 -0.5 -0.5 -0.5 -0.5 -0.5 -0.5  \
  4.5 8.81 0.8125 4.97513e-17 0.5 0.5 0.5 0.5 0.5 0.5  \
  4.5 9.75 0.9375 5.74053e-17 1.5 1.5 1.5 1.5 1.5 1.5  \
  4.5 2.5 2.5 2.5 2.5 2.5 2.5 4.5 3.5 3.5  \
  3.5 3.5 3.5 3.5 4.5 4.5 4.5 4.5 4.5 4.5  \
  4.5 4.5 5.5 5.5 5.5 5.5 5.5 5.5 4.5 6.5  \
  6.5 6.5 6.5 6.5 6.5 4.5 7.5 7.5 7.5 7.5  \
  7.5 7.5 4.5 8.5 8.5 8.5 8.5 8.5 8.5 4.5  \
  9.5 9.5 9.5 9.5 9.5 9.5 4.5 10.5 10.5 10.5  \
  10.5 10.5 10.5 4.5 11.5 11.5 11.5 11.5 11.5 11.5  \
  4.5 12.5 12.5 12.5 12.5 12.5 12.5 4.5 13.5 13.5  \
  13.5 13.5 13.5 13.5 4.5 14.5 14.5 14.5 14.5 14.5  \
  14.5 4.5 15.5 15.5 15.5 15.5 15.5 15.5 4.5 16.5  \
  16.5 16.5 16.5 16.5 16.5 4.5 17.5 17.5 17.5 17.5  \
  17.5 17.5 
CellYArray:  Double_t \
  68.6807 39.7 0 0.9375 41.2805 43.7805 46.2805 41.7195 44.2195 46.7195  \
  67.6868 39.7 0 0.8125 41.2805 43.7805 46.2805 41.7195 44.2195 46.7195  \
  66.6928 39.7 0 0.6875 41.2805 43.7805 46.2805 41.7195 44.2195 46.7195  \
  65.6988 39.7 0 0.5625 41.2805 43.7805 46.2805 41.7195 44.2195 46.7195  \
  64.7049 39.7 0 0.4375 41.2805 43.7805 46.2805 41.7195 44.2195 46.7195  \
  63.7109 39.7 0 0.3125 41.2805 43.7805 46.2805 41.7195 44.2195 46.7195  \
  62.717 39.7 0 0.1875 41.2805 43.7805 46.2805 41.7195 44.2195 46.7195  \
  61.723 39.7 0 0.0625 41.2805 43.7805 46.2805 41.7195 44.2195 46.7195  \
  60.729 39.7 0 -0.0625 41.2805 43.7805 46.2805 41.7195 44.2195 46.7195  \
  59.7351 39.7 0 -0.1875 41.2805 43.7805 46.2805 41.7195 44.2195 46.7195  \
  58.7411 39.7 0 -0.3125 41.2805 43.7805 46.2805 41.7195 44.2195 46.7195  \
  57.7472 39.7 0 -0.4375 41.2805 43.7805 46.2805 41.7195 44.2195 46.7195  \
  56.7532 39.7 0 -0.5625 41.2805 43.7805 46.2805 41.7195 44.2195 46.7195  \
  55.7592 39.7 0 -0.6875 41.2805 43.7805 46.2805 41.7195 44.2195 46.7195  \
  54.7653 39.7 0 -0.8125 41.2805 43.7805 46.2805 41.7195 44.2195 46.7195  \
  53.7713 39.7 0 -0.9375 41.2805 43.7805 46.2805 41.7195 44.2195 46.7195  \
  52.7774 41.2805 43.7805 46.2805 41.7195 44.2195 46.7195 51.7834 41.2805 43.7805  \
  46.2805 41.7195 44.2195 46.7195 50.7894 41.2805 43.7805 46.2805 41.7195 44.2195  \
  46.7195 49.7955 41.2805 43.7805 46.2805 41.7195 44.2195 46.7195 48.8015 41.2805  \
  43.7805 46.2805 41.7195 44.2195 46.7195 47.8076 41.2805 43.7805 46.2805 41.7195  \
  44.2195 46.7195 46.8136 41.2805 43.7805 46.2805 41.7195 44.2195 46.7195 45.8196  \
  41.2805 43.7805 46.2805 41.7195 44.2195 46.7195 44.8257 41.2805 43.7805 46.2805  \
  41.7195 44.2195 46.7195 43.8317 41.2805 43.7805 46.2805 41.7195 44.2195 46.7195  \
  42.8377 41.2805 43.7805 46.2805 41.7195 44.2195 46.7195 41.8438 41.2805 43.7805  \
  46.2805 41.7195 44.2195 46.7195 40.8498 41.2805 43.7805 46.2805 41.7195 44.2195  \
  46.7195 39.8559 41.2805 43.7805 46.2805 41.7195 44.2195 46.7195 38.8619 41.2805  \
  43.7805 46.2805 41.7195 44.2195 46.7195 37.8679 41.2805 43.7805 46.2805 41.7195  \
  44.2195 46.7195 
CellZArray:  Double_t \
  441.284 359 -3 -5 374.012 397.812 421.612 377.988 401.788 425.588  \
  441.394 359 -3 -5 374.012 397.812 421.612 377.988 401.788 425.588  \
  441.503 359 -3 -5 374.012 397.812 421.612 377.988 401.788 425.588  \
  441.613 359 -3 -5 374.012 397.812 421.612 377.988 401.788 425.588  \
  441.723 359 -3 -5 374.012 397.812 421.612 377.988 401.788 425.588  \
  441.833 359 -3 -5 374.012 397.812 421.612 377.988 401.788 425.588  \
  441.942 359 -3 -5 374.012 397.812 421.612 377.988 401.788 425.588  \
  442.052 359 -3 -5 374.012 397.812 421.612 377.988 401.788 425.588  \
  442.162 359 -3 -5 374.012 397.812 421.612 377.988 401.788 425.588  \
  442.272 359 -3 -5 374.012 397.812 421.612 377.988 401.788 425.588  \
  442.381 359 -3 -5 374.012 397.812 421.612 377.988 401.788 425.588  \
  442.491 359 -3 -5 374.012 397.812 421.612 377.988 401.788 425.588  \
  442.601 359 -3 -5 374.012 397.812 421.612 377.988 401.788 425.588  \
  442.711 359 -3 -5 374.012 397.812 421.612 377.988 401.788 425.588  \
  442.82 359 -3 -5 374.012 397.812 421.612 377.988 401.788 425.588  \
  442.93 359 -3 -5 374.012 397.812 421.612 377.988 401.788 425.588  \
  443.04 374.012 397.812 421.612 377.988 401.788 425.588 443.15 374.012 397.812  \
  421.612 377.988 401.788 425.588 443.259 374.012 397.812 421.612 377.988 401.788  \
  425.588 443.369 374.012 397.812 421.612 377.988 401.788 425.588 443.479 374.012  \
  397.812 421.612 377.988 401.788 425.588 443.588 374.012 397.812 421.612 377.988  \
  401.788 425.588 443.698 374.012 397.812 421.612 377.988 401.788 425.588 443.808  \
  374.012 397.812 421.612 377.988 401.788 425.588 443.918 374.012 397.812 421.612  \
  377.988 401.788 425.588 444.027 374.012 397.812 421.612 377.988 401.788 425.588  \
  444.137 374.012 397.812 421.612 377.988 401.788 425.588 444.247 374.012 397.812  \
  421.612 377.988 401.788 425.588 444.357 374.012 397.812 421.612 377.988 401.788  \
  425.588 444.466 374.012 397.812 421.612 377.988 401.788 425.588 444.576 374.012  \
  397.812 421.612 377.988 401.788 425.588 444.686 374.012 397.812 421.612 377.988  \
  401.788 425.588 
CellDxArray:  Double_t \
  1 0.94 0.125 0.125 1 1 1 1 1 1  \
  1 0.94 0.125 0.125 1 1 1 1 1 1  \
  1 0.94 0.125 0.125 1 1 1 1 1 1  \
  1 0.94 0.125 0.125 1 1 1 1 1 1  \
  1 0.94 0.125 0.125 1 1 1 1 1 1  \
  1 0.94 0.125 0.125 1 1 1 1 1 1  \
  1 0.94 0.125 0.125 1 1 1 1 1 1  \
  1 0.94 0.125 0.125 1 1 1 1 1 1  \
  1 0.94 0.125 0.125 1 1 1 1 1 1  \
  1 0.94 0.125 0.125 1 1 1 1 1 1  \
  1 0.94 0.125 0.125 1 1 1 1 1 1  \
  1 0.94 0.125 0.125 1 1 1 1 1 1  \
  1 0.94 0.125 0.125 1 1 1 1 1 1  \
  1 0.94 0.125 0.125 1 1 1 1 1 1  \
  1 0.94 0.125 0.125 1 1 1 1 1 1  \
  1 0.94 0.125 0.125 1 1 1 1 1 1  \
  1 1 1 1 1 1 1 1 1 1  \
  1 1 1 1 1 1 1 1 1 1  \
  1 1 1 1 1 1 1 1 1 1  \
  1 1 1 1 1 1 1 1 1 1  \
  1 1 1 1 1 1 1 1 1 1  \
  1 1 1 1 1 1 1 1 1 1  \
  1 1 1 1 1 1 1 1 1 1  \
  1 1 1 1 1 1 1 1 1 1  \
  1 1 1 1 1 1 1 1 1 1  \
  1 1 1 1 1 1 1 1 1 1  \
  1 1 1 1 1 1 1 1 1 1  \
  1 1 
CellDyArray:  Double_t \
  26.9 4 2 2 26.9 26.9 26.9 26.9 26.9 26.9  \
  26.9 4 2 2 26.9 26.9 26.9 26.9 26.9 26.9  \
  26.9 4 2 2 26.9 26.9 26.9 26.9 26.9 26.9  \
  26.9 4 2 2 26.9 26.9 26.9 26.9 26.9 26.9  \
  26.9 4 2 2 26.9 26.9 26.9 26.9 26.9 26.9  \
  26.9 4 2 2 26.9 26.9 26.9 26.9 26.9 26.9  \
  26.9 4 2 2 26.9 26.9 26.9 26.9 26.9 26.9  \
  26.9 4 2 2 26.9 26.9 26.9 26.9 26.9 26.9  \
  26.9 4 2 2 26.9 26.9 26.9 26.9 26.9 26.9  \
  26.9 4 2 2 26.9 26.9 26.9 26.9 26.9 26.9  \
  26.9 4 2 2 26.9 26.9 26.9 26.9 26.9 26.9  \
  26.9 4 2 2 26.9 26.9 26.9 26.9 26.9 26.9  \
  26.9 4 2 2 26.9 26.9 26.9 26.9 26.9 26.9  \
  26.9 4 2 2 26.9 26.9 26.9 26.9 26.9 26.9  \
  26.9 4 2 2 26.9 26.9 26.9 26.9 26.9 26.9  \
  26.9 4 2 2 26.9 26.9 26.9 26.9 26.9 26.9  \
  26.9 26.9 26.9 26.9 26.9 26.9 26.9 26.9 26.9 26.9  \
  26.9 26.9 26.9 26.9 26.9 26.9 26.9 26.9 26.9 26.9  \
  26.9 26.9 26.9 26.9 26.9 26.9 26.9 26.9 26.9 26.9  \
  26.9 26.9 26.9 26.9 26.9 26.9 26.9 26.9 26.9 26.9  \
  26.9 26.9 26.9 26.9 26.9 26.9 26.9 26.9 26.9 26.9  \
  26.9 26.9 26.9 26.9 26.9 26.9 26.9 26.9 26.9 26.9  \
  26.9 26.9 26.9 26.9 26.9 26.9 26.9 26.9 26.9 26.9  \
  26.9 26.9 26.9 26.9 26.9 26.9 26.9 26.9 26.9 26.9  \
  26.9 26.9 26.9 26.9 26.9 26.9 26.9 26.9 26.9 26.9  \
  26.9 26.9 26.9 26.9 26.9 26.9 26.9 26.9 26.9 26.9  \
  26.9 26.9 26.9 26.9 26.9 26.9 26.9 26.9 26.9 26.9  \
  26.9 26.9 
