##############################################################################
# Class:   CbmTofDigiPar
# Context: TestDefaultContext
##############################################################################
[CbmTofDigiPar]
//----------------------------------------------------------------------------
NrOfCells:  Int_t  80 
CellIdArray:  Int_t \
  20486 36870 102406 16797702 16814086 16879622 33574918 33591302 33656838 50352134  \
  50368518 50434054 67129350 67145734 67211270 83906566 83922950 83988486 100683782 100700166  \
  100765702 117460998 117477382 117542918 134238214 134254598 134320134 151015430 151031814 151097350  \
  167792646 167809030 167874566 184569862 184586246 184651782 201347078 201363462 201428998 218124294  \
  218140678 218206214 234901510 234917894 234983430 251678726 251695110 251760646 268472326 268537862  \
  285249542 285315078 302026758 302092294 318803974 318869510 335581190 335646726 352358406 352423942  \
  369135622 369201158 385912838 385978374 402690054 402755590 419467270 419532806 436244486 436310022  \
  453021702 453087238 469798918 469864454 486576134 486641670 503353350 503418886 520130566 520196102 
CellXArray:  Double_t \
  1.45625 82.925 82.925 1.46875 83.425 83.425 1.48125 83.925 83.925 1.49375  \
  84.425 84.425 1.50625 84.925 84.925 1.51875 85.425 85.425 1.53125 85.925  \
  85.925 1.54375 86.425 86.425 1.55625 86.925 86.925 1.56875 87.425 87.425  \
  1.58125 87.925 87.925 1.59375 88.425 88.425 1.60625 88.925 88.925 1.61875  \
  89.425 89.425 1.63125 89.925 89.925 1.64375 90.425 90.425 90.925 90.925  \
  91.425 91.425 91.925 91.925 92.425 92.425 92.925 92.925 93.425 93.425  \
  93.925 93.925 94.425 94.425 94.925 94.925 95.425 95.425 95.925 95.925  \
  96.425 96.425 96.925 96.925 97.425 97.425 97.925 97.925 98.425 98.425 
CellYArray:  Double_t \
  0 -143.63 -143.63 0 -144.496 -144.496 0 -145.362 -145.362 0  \
  -146.228 -146.228 0 -147.094 -147.094 0 -147.96 -147.96 0 -148.826  \
  -148.826 0 -149.692 -149.692 0 -150.559 -150.559 0 -151.425 -151.425  \
  0 -152.291 -152.291 0 -153.157 -153.157 0 -154.023 -154.023 0  \
  -154.889 -154.889 0 -155.755 -155.755 0 -156.621 -156.621 -157.487 -157.487  \
  -158.353 -158.353 -159.219 -159.219 -160.085 -160.085 -160.951 -160.951 -161.817 -161.817  \
  -162.683 -162.683 -163.549 -163.549 -164.415 -164.415 -165.281 -165.281 -166.147 -166.147  \
  -167.013 -167.013 -167.879 -167.879 -168.745 -168.745 -169.611 -169.611 -170.477 -170.477 
CellZArray:  Double_t \
  7.45058e-09 297.9 301.9 7.45058e-09 297.9 301.9 7.45058e-09 297.9 301.9 7.45058e-09  \
  297.9 301.9 7.45058e-09 297.9 301.9 7.45058e-09 297.9 301.9 7.45058e-09 297.9  \
  301.9 7.45058e-09 297.9 301.9 7.45058e-09 297.9 301.9 7.45058e-09 297.9 301.9  \
  7.45058e-09 297.9 301.9 7.45058e-09 297.9 301.9 7.45058e-09 297.9 301.9 7.45058e-09  \
  297.9 301.9 7.45058e-09 297.9 301.9 7.45058e-09 297.9 301.9 297.9 301.9  \
  297.9 301.9 297.9 301.9 297.9 301.9 297.9 301.9 297.9 301.9  \
  297.9 301.9 297.9 301.9 297.9 301.9 297.9 301.9 297.9 301.9  \
  297.9 301.9 297.9 301.9 297.9 301.9 297.9 301.9 297.9 301.9 
CellDxArray:  Double_t \
  0.0125 1 1 0.0125 1 1 0.0125 1 1 0.0125  \
  1 1 0.0125 1 1 0.0125 1 1 0.0125 1  \
  1 0.0125 1 1 0.0125 1 1 0.0125 1 1  \
  0.0125 1 1 0.0125 1 1 0.0125 1 1 0.0125  \
  1 1 0.0125 1 1 0.0125 1 1 1 1  \
  1 1 1 1 1 1 1 1 1 1  \
  1 1 1 1 1 1 1 1 1 1  \
  1 1 1 1 1 1 1 1 1 1 
CellDyArray:  Double_t \
  0.2 27 27 0.2 27 27 0.2 27 27 0.2  \
  27 27 0.2 27 27 0.2 27 27 0.2 27  \
  27 0.2 27 27 0.2 27 27 0.2 27 27  \
  0.2 27 27 0.2 27 27 0.2 27 27 0.2  \
  27 27 0.2 27 27 0.2 27 27 27 27  \
  27 27 27 27 27 27 27 27 27 27  \
  27 27 27 27 27 27 27 27 27 27  \
  27 27 27 27 27 27 27 27 27 27 
