##############################################################################
# Class:   CbmTofDigiPar
# Context: TestDefaultContext
##############################################################################
[CbmTofDigiPar]
//----------------------------------------------------------------------------
NrOfCells:  Int_t  636 
CellIdArray:  Int_t \
  4102 12294 16390 20486 20502 20518 24582 28678 32774 36870  \
  36886 36902 90118 94214 98310 102406 102422 102438 159750 163846  \
  225286 229382 294918 360454 16781318 16789510 16793606 16797702 16797718 16797734  \
  16801798 16805894 16809990 16814086 16814102 16814118 16867334 16871430 16875526 16879622  \
  16879638 16879654 16936966 16941062 17002502 17006598 17072134 17137670 33558534 33566726  \
  33570822 33574918 33574934 33574950 33579014 33583110 33587206 33591302 33591318 33591334  \
  33644550 33648646 33652742 33656838 33656854 33656870 33714182 33718278 33779718 33783814  \
  33849350 33914886 50335750 50343942 50348038 50352134 50352150 50352166 50356230 50360326  \
  50364422 50368518 50368534 50368550 50421766 50425862 50429958 50434054 50434070 50434086  \
  50491398 50495494 50556934 50561030 50626566 50692102 67112966 67121158 67125254 67129350  \
  67129366 67129382 67133446 67137542 67141638 67145734 67145750 67145766 67198982 67203078  \
  67207174 67211270 67211286 67211302 67268614 67272710 67334150 67338246 67403782 67469318  \
  83890182 83898374 83902470 83906566 83906582 83906598 83910662 83914758 83918854 83922950  \
  83922966 83922982 83976198 83980294 83984390 83988486 83988502 83988518 84045830 84049926  \
  84111366 84115462 84180998 84246534 100667398 100675590 100679686 100683782 100683798 100683814  \
  100687878 100691974 100696070 100700166 100700182 100700198 100753414 100757510 100761606 100765702  \
  100765718 100765734 100823046 100827142 100888582 100892678 100958214 101023750 117444614 117452806  \
  117456902 117460998 117461014 117461030 117465094 117469190 117473286 117477382 117477398 117477414  \
  117530630 117534726 117538822 117542918 117542934 117542950 117600262 117604358 117665798 117669894  \
  117735430 117800966 134221830 134230022 134234118 134238214 134238230 134238246 134242310 134246406  \
  134254598 134254614 134254630 134307846 134311942 134320134 134320150 134320166 134377478 134443014  \
  150999046 151007238 151011334 151015430 151015446 151015462 151019526 151023622 151031814 151031830  \
  151031846 151085062 151089158 151097350 151097366 151097382 151154694 151220230 167776262 167784454  \
  167788550 167792646 167792662 167792678 167796742 167800838 167809030 167809046 167809062 167862278  \
  167866374 167874566 167874582 167874598 167931910 167997446 184553478 184561670 184565766 184569862  \
  184569878 184569894 184573958 184578054 184586246 184586262 184586278 184639494 184643590 184651782  \
  184651798 184651814 184709126 184774662 201330694 201338886 201342982 201347078 201347094 201347110  \
  201351174 201355270 201363462 201363478 201363494 201416710 201420806 201428998 201429014 201429030  \
  201486342 201551878 218107910 218116102 218120198 218124294 218124310 218124326 218128390 218132486  \
  218140678 218140694 218140710 218193926 218198022 218206214 218206230 218206246 218263558 218329094  \
  234885126 234893318 234897414 234901510 234901526 234901542 234905606 234909702 234917894 234917910  \
  234917926 234971142 234975238 234983430 234983446 234983462 235040774 235106310 251662342 251670534  \
  251674630 251678726 251678742 251678758 251682822 251686918 251695110 251695126 251695142 251748358  \
  251752454 251760646 251760662 251760678 251817990 251883526 268439558 268447750 268460038 268464134  \
  268472326 268472342 268472358 268525574 268529670 268537862 268537878 268537894 268595206 268660742  \
  285216774 285224966 285237254 285241350 285249542 285249558 285249574 285302790 285306886 285315078  \
  285315094 285315110 285372422 285437958 301993990 302002182 302014470 302018566 302026758 302026774  \
  302026790 302080006 302084102 302092294 302092310 302092326 302149638 302215174 318771206 318779398  \
  318791686 318795782 318803974 318803990 318804006 318857222 318861318 318869510 318869526 318869542  \
  318926854 318992390 335548422 335556614 335568902 335572998 335581190 335581206 335581222 335634438  \
  335638534 335646726 335646742 335646758 335704070 335769606 352325638 352333830 352346118 352350214  \
  352358406 352358422 352358438 352411654 352415750 352423942 352423958 352423974 352481286 352546822  \
  369102854 369111046 369123334 369127430 369135622 369135638 369135654 369188870 369192966 369201158  \
  369201174 369201190 369258502 369324038 385880070 385888262 385900550 385904646 385912838 385912854  \
  385912870 385966086 385970182 385978374 385978390 385978406 386035718 386101254 402657286 402665478  \
  402677766 402681862 402690054 402690070 402690086 402743302 402747398 402755590 402755606 402755622  \
  402812934 402878470 419434502 419442694 419454982 419459078 419467270 419467286 419467302 419520518  \
  419524614 419532806 419532822 419532838 419590150 419655686 436211718 436219910 436232198 436236294  \
  436244486 436244502 436244518 436297734 436301830 436310022 436310038 436310054 436367366 436432902  \
  452988934 452997126 453009414 453013510 453021702 453021718 453021734 453074950 453079046 453087238  \
  453087254 453087270 453144582 453210118 469766150 469774342 469786630 469790726 469798918 469798934  \
  469798950 469856262 469864454 469864470 469864486 469921798 469987334 486543366 486551558 486563846  \
  486567942 486576134 486576150 486576166 486633478 486641670 486641686 486641702 486699014 486764550  \
  503320582 503328774 503341062 503345158 503353350 503353366 503353382 503410694 503418886 503418902  \
  503418918 503476230 503541766 520097798 520105990 520118278 520122374 520130566 520130582 520130598  \
  520187910 520196102 520196118 520196134 520253446 520318982 536875014 536895494 536899590 536965126  \
  537030662 537096198 553652230 553672710 553676806 553742342 553807878 553873414 570429446 570449926  \
  570454022 570519558 570585094 570650630 587206662 587227142 587231238 587296774 587362310 587427846  \
  603983878 604004358 604008454 604073990 604139526 604205062 620761094 620781574 620785670 620851206  \
  620916742 620982278 637538310 637558790 637562886 637628422 637693958 637759494 654315526 654336006  \
  654340102 654405638 654471174 654536710 671092742 687869958 704647174 721424390 738201606 754978822  \
  771756038 788533254 805310470 822087686 838864902 855642118 872419334 889196550 905973766 922750982  \
  939528198 956305414 973082630 989859846 1006637062 1023414278 1040191494 1056968710 1073745926 1090523142  \
  1107300358 1124077574 1140854790 1157632006 1174409222 1191186438 
CellXArray:  Double_t \
  -11.125 -1.07157e-15 9.25 -0.09375 -0.09375 -0.09375 -16.625 -31.625 -12 -17.5  \
  -17.5 -17.5 -15.8857 -31.625 -14.2 -17.5 -17.5 -17.5 -1.625 -16.4  \
  -1.625 -18.6 -20.8 -23 -11.375 -1.01033e-15 8.31 -0.08125 -0.08125 -0.08125  \
  -15.875 -30.875 -12 -16.5 -16.5 -16.5 -14.8571 -30.875 -14.2 -16.5  \
  -16.5 -16.5 -0.875 -16.4 -0.875 -18.6 -20.8 -23 -11.625 -9.49101e-16  \
  7.37 -0.06875 -0.06875 -0.06875 -15.125 -30.125 -12 -15.5 -15.5 -15.5  \
  -13.8286 -30.125 -14.2 -15.5 -15.5 -15.5 -0.125 -16.4 -0.125 -18.6  \
  -20.8 -23 -11.875 -8.87869e-16 6.43 -0.05625 -0.05625 -0.05625 -14.375 -29.375  \
  -12 -14.5 -14.5 -14.5 -12.8 -29.375 -14.2 -14.5 -14.5 -14.5  \
  0.625 -16.4 0.625 -18.6 -20.8 -23 -12.125 -8.26637e-16 5.49 -0.04375  \
  -0.04375 -0.04375 -13.625 -28.625 -12 -13.5 -13.5 -13.5 -11.7714 -28.625  \
  -14.2 -13.5 -13.5 -13.5 1.375 -16.4 1.375 -18.6 -20.8 -23  \
  -12.375 -7.65404e-16 4.55 -0.03125 -0.03125 -0.03125 -12.875 -27.875 -12 -12.5  \
  -12.5 -12.5 -10.7429 -27.875 -14.2 -12.5 -12.5 -12.5 2.125 -16.4  \
  2.125 -18.6 -20.8 -23 -12.625 -7.04172e-16 3.61 -0.01875 -0.01875 -0.01875  \
  -12.125 -27.125 -12 -11.5 -11.5 -11.5 -9.71429 -27.125 -14.2 -11.5  \
  -11.5 -11.5 2.875 -16.4 2.875 -18.6 -20.8 -23 -12.875 -6.4294e-16  \
  2.67 -0.00625 -0.00625 -0.00625 -11.375 -26.375 -12 -10.5 -10.5 -10.5  \
  -8.68571 -26.375 -14.2 -10.5 -10.5 -10.5 3.625 -16.4 3.625 -18.6  \
  -20.8 -23 -13.125 -5.81707e-16 1.73 0.00625 0.00625 0.00625 -10.625 -25.625  \
  -9.5 -9.5 -9.5 -7.65714 -25.625 -9.5 -9.5 -9.5 4.375 4.375  \
  -13.375 -5.20475e-16 0.79 0.01875 0.01875 0.01875 -9.875 -24.875 -8.5 -8.5  \
  -8.5 -6.62857 -24.875 -8.5 -8.5 -8.5 5.125 5.125 -13.625 -4.59243e-16  \
  -0.15 0.03125 0.03125 0.03125 -9.125 -24.125 -7.5 -7.5 -7.5 -5.6  \
  -24.125 -7.5 -7.5 -7.5 5.875 5.875 -13.875 -3.9801e-16 -1.09 0.04375  \
  0.04375 0.04375 -8.375 -23.375 -6.5 -6.5 -6.5 -4.57143 -23.375 -6.5  \
  -6.5 -6.5 6.625 6.625 -14.125 -3.36778e-16 -2.03 0.05625 0.05625 0.05625  \
  -7.625 -22.625 -5.5 -5.5 -5.5 -3.54286 -22.625 -5.5 -5.5 -5.5  \
  7.375 7.375 -14.375 -2.75546e-16 -2.97 0.06875 0.06875 0.06875 -6.875 -21.875  \
  -4.5 -4.5 -4.5 -2.51429 -21.875 -4.5 -4.5 -4.5 8.125 8.125  \
  -14.625 -2.14313e-16 -3.91 0.08125 0.08125 0.08125 -6.125 -21.125 -3.5 -3.5  \
  -3.5 -1.48571 -21.125 -3.5 -3.5 -3.5 8.875 8.875 -14.875 -1.53081e-16  \
  -4.85 0.09375 0.09375 0.09375 -5.375 -20.375 -2.5 -2.5 -2.5 -0.457143  \
  -20.375 -2.5 -2.5 -2.5 9.625 9.625 -15.125 -9.18485e-17 -4.625 -19.625  \
  -1.5 -1.5 -1.5 0.571428 -19.625 -1.5 -1.5 -1.5 10.375 10.375  \
  -15.375 -3.06162e-17 -3.875 -18.875 -0.5 -0.5 -0.5 1.6 -18.875 -0.5  \
  -0.5 -0.5 11.125 11.125 -15.625 3.06162e-17 -3.125 -18.125 0.5 0.5  \
  0.5 2.62857 -18.125 0.5 0.5 0.5 11.875 11.875 -15.875 9.18485e-17  \
  -2.375 -17.375 1.5 1.5 1.5 3.65714 -17.375 1.5 1.5 1.5  \
  12.625 12.625 -16.125 1.53081e-16 -1.625 -16.625 2.5 2.5 2.5 4.68571  \
  -16.625 2.5 2.5 2.5 13.375 13.375 -16.375 2.14313e-16 -0.875 -15.875  \
  3.5 3.5 3.5 5.71429 -15.875 3.5 3.5 3.5 14.125 14.125  \
  -16.625 2.75546e-16 -0.125 -15.125 4.5 4.5 4.5 6.74286 -15.125 4.5  \
  4.5 4.5 14.875 14.875 -16.875 3.36778e-16 0.625 -14.375 5.5 5.5  \
  5.5 7.77143 -14.375 5.5 5.5 5.5 15.625 15.625 -17.125 3.9801e-16  \
  1.375 -13.625 6.5 6.5 6.5 8.8 -13.625 6.5 6.5 6.5  \
  16.375 16.375 -17.375 4.59243e-16 2.125 -12.875 7.5 7.5 7.5 9.82857  \
  -12.875 7.5 7.5 7.5 17.125 17.125 -17.625 5.20475e-16 2.875 -12.125  \
  8.5 8.5 8.5 10.8571 -12.125 8.5 8.5 8.5 17.875 17.875  \
  -17.875 5.81707e-16 3.625 -11.375 9.5 9.5 9.5 11.8857 -11.375 9.5  \
  9.5 9.5 18.625 18.625 -18.125 6.4294e-16 4.375 -10.625 10.5 10.5  \
  10.5 -10.625 10.5 10.5 10.5 19.375 19.375 -18.375 7.04172e-16 5.125  \
  -9.875 11.5 11.5 11.5 -9.875 11.5 11.5 11.5 20.125 20.125  \
  -18.625 7.65404e-16 5.875 -9.125 12.5 12.5 12.5 -9.125 12.5 12.5  \
  12.5 20.875 20.875 -18.875 8.26637e-16 6.625 -8.375 13.5 13.5 13.5  \
  -8.375 13.5 13.5 13.5 21.625 21.625 -19.125 7.375 -7.625 -7.625  \
  22.375 22.375 -19.375 8.125 -6.875 -6.875 23.125 23.125 -19.625 8.875  \
  -6.125 -6.125 23.875 23.875 -19.875 9.625 -5.375 -5.375 24.625 24.625  \
  -20.125 10.375 -4.625 -4.625 25.375 25.375 -20.375 11.125 -3.875 -3.875  \
  26.125 26.125 -20.625 11.875 -3.125 -3.125 26.875 26.875 -20.875 12.625  \
  -2.375 -2.375 27.625 27.625 -21.125 -21.375 -21.625 -21.875 -22.125 -22.375  \
  -22.625 -22.875 -23.125 -23.375 -23.625 -23.875 -24.125 -24.375 -24.625 -24.875  \
  -25.125 -25.375 -25.625 -25.875 -26.125 -26.375 -26.625 -26.875 -27.125 -27.375  \
  -27.625 -27.875 -28.125 -28.375 -28.625 -28.875 
CellYArray:  Double_t \
  -20 50.4 50 0 0 0 -15 -24 -7.6125 57  \
  62 67 -15 -16 -7.6125 57 62 67 -24 -7.6125  \
  -16 -7.6125 -7.6125 -7.6125 -20 51.4 50 0 0 0  \
  -15 -24 -5.4375 57 62 67 -15 -16 -5.4375 57  \
  62 67 -24 -5.4375 -16 -5.4375 -5.4375 -5.4375 -20 52.4  \
  50 0 0 0 -15 -24 -3.2625 57 62 67  \
  -15 -16 -3.2625 57 62 67 -24 -3.2625 -16 -3.2625  \
  -3.2625 -3.2625 -20 53.4 50 0 0 0 -15 -24  \
  -1.0875 57 62 67 -15 -16 -1.0875 57 62 67  \
  -24 -1.0875 -16 -1.0875 -1.0875 -1.0875 -20 54.4 50 0  \
  0 0 -15 -24 1.0875 57 62 67 -15 -16  \
  1.0875 57 62 67 -24 1.0875 -16 1.0875 1.0875 1.0875  \
  -20 55.4 50 0 0 0 -15 -24 3.2625 57  \
  62 67 -15 -16 3.2625 57 62 67 -24 3.2625  \
  -16 3.2625 3.2625 3.2625 -20 56.4 50 0 0 0  \
  -15 -24 5.4375 57 62 67 -15 -16 5.4375 57  \
  62 67 -24 5.4375 -16 5.4375 5.4375 5.4375 -20 57.4  \
  50 0 0 0 -15 -24 7.6125 57 62 67  \
  -15 -16 7.6125 57 62 67 -24 7.6125 -16 7.6125  \
  7.6125 7.6125 -20 58.4 50 0 0 0 -15 -24  \
  57 62 67 -15 -16 57 62 67 -24 -16  \
  -20 59.4 50 0 0 0 -15 -24 57 62  \
  67 -15 -16 57 62 67 -24 -16 -20 60.4  \
  50 0 0 0 -15 -24 57 62 67 -15  \
  -16 57 62 67 -24 -16 -20 61.4 50 0  \
  0 0 -15 -24 57 62 67 -15 -16 57  \
  62 67 -24 -16 -20 62.4 50 0 0 0  \
  -15 -24 57 62 67 -15 -16 57 62 67  \
  -24 -16 -20 63.4 50 0 0 0 -15 -24  \
  57 62 67 -15 -16 57 62 67 -24 -16  \
  -20 64.4 50 0 0 0 -15 -24 57 62  \
  67 -15 -16 57 62 67 -24 -16 -20 65.4  \
  50 0 0 0 -15 -24 57 62 67 -15  \
  -16 57 62 67 -24 -16 -20 66.4 -15 -24  \
  57 62 67 -15 -16 57 62 67 -24 -16  \
  -20 67.4 -15 -24 57 62 67 -15 -16 57  \
  62 67 -24 -16 -20 68.4 -15 -24 57 62  \
  67 -15 -16 57 62 67 -24 -16 -20 69.4  \
  -15 -24 57 62 67 -15 -16 57 62 67  \
  -24 -16 -20 70.4 -15 -24 57 62 67 -15  \
  -16 57 62 67 -24 -16 -20 71.4 -15 -24  \
  57 62 67 -15 -16 57 62 67 -24 -16  \
  -20 72.4 -15 -24 57 62 67 -15 -16 57  \
  62 67 -24 -16 -20 73.4 -15 -24 57 62  \
  67 -15 -16 57 62 67 -24 -16 -20 74.4  \
  -15 -24 57 62 67 -15 -16 57 62 67  \
  -24 -16 -20 75.4 -15 -24 57 62 67 -15  \
  -16 57 62 67 -24 -16 -20 76.4 -15 -24  \
  57 62 67 -15 -16 57 62 67 -24 -16  \
  -20 77.4 -15 -24 57 62 67 -15 -16 57  \
  62 67 -24 -16 -20 78.4 -15 -24 57 62  \
  67 -16 57 62 67 -24 -16 -20 79.4 -15  \
  -24 57 62 67 -16 57 62 67 -24 -16  \
  -20 80.4 -15 -24 57 62 67 -16 57 62  \
  67 -24 -16 -20 81.4 -15 -24 57 62 67  \
  -16 57 62 67 -24 -16 -20 -15 -24 -16  \
  -24 -16 -20 -15 -24 -16 -24 -16 -20 -15  \
  -24 -16 -24 -16 -20 -15 -24 -16 -24 -16  \
  -20 -15 -24 -16 -24 -16 -20 -15 -24 -16  \
  -24 -16 -20 -15 -24 -16 -24 -16 -20 -15  \
  -24 -16 -24 -16 -20 -20 -20 -20 -20 -20  \
  -20 -20 -20 -20 -20 -20 -20 -20 -20 -20  \
  -20 -20 -20 -20 -20 -20 -20 -20 -20 -20  \
  -20 -20 -20 -20 -20 -20 
CellZArray:  Double_t \
  441.1 446.9 360.9 -0.1 -4.1 -8.1 377.9 411.9 303.9 377.9  \
  401.9 425.9 381.9 421.9 303.9 381.9 405.9 429.9 416.9 295.9  \
  426.9 295.9 303.9 303.9 441.1 446.9 360.9 -0.1 -4.1 -8.1  \
  377.9 411.9 303.9 377.9 401.9 425.9 381.9 421.9 303.9 381.9  \
  405.9 429.9 416.9 295.9 426.9 295.9 303.9 303.9 441.1 446.9  \
  360.9 -0.1 -4.1 -8.1 377.9 411.9 303.9 377.9 401.9 425.9  \
  381.9 421.9 303.9 381.9 405.9 429.9 416.9 295.9 426.9 295.9  \
  303.9 303.9 441.1 446.9 360.9 -0.1 -4.1 -8.1 377.9 411.9  \
  303.9 377.9 401.9 425.9 381.9 421.9 303.9 381.9 405.9 429.9  \
  416.9 295.9 426.9 295.9 303.9 303.9 441.1 446.9 360.9 -0.1  \
  -4.1 -8.1 377.9 411.9 303.9 377.9 401.9 425.9 381.9 421.9  \
  303.9 381.9 405.9 429.9 416.9 295.9 426.9 295.9 303.9 303.9  \
  441.1 446.9 360.9 -0.1 -4.1 -8.1 377.9 411.9 303.9 377.9  \
  401.9 425.9 381.9 421.9 303.9 381.9 405.9 429.9 416.9 295.9  \
  426.9 295.9 303.9 303.9 441.1 446.9 360.9 -0.1 -4.1 -8.1  \
  377.9 411.9 303.9 377.9 401.9 425.9 381.9 421.9 303.9 381.9  \
  405.9 429.9 416.9 295.9 426.9 295.9 303.9 303.9 441.1 446.9  \
  360.9 -0.1 -4.1 -8.1 377.9 411.9 303.9 377.9 401.9 425.9  \
  381.9 421.9 303.9 381.9 405.9 429.9 416.9 295.9 426.9 295.9  \
  303.9 303.9 441.1 446.9 360.9 -0.1 -4.1 -8.1 377.9 411.9  \
  377.9 401.9 425.9 381.9 421.9 381.9 405.9 429.9 416.9 426.9  \
  441.1 446.9 360.9 -0.1 -4.1 -8.1 377.9 411.9 377.9 401.9  \
  425.9 381.9 421.9 381.9 405.9 429.9 416.9 426.9 441.1 446.9  \
  360.9 -0.1 -4.1 -8.1 377.9 411.9 377.9 401.9 425.9 381.9  \
  421.9 381.9 405.9 429.9 416.9 426.9 441.1 446.9 360.9 -0.1  \
  -4.1 -8.1 377.9 411.9 377.9 401.9 425.9 381.9 421.9 381.9  \
  405.9 429.9 416.9 426.9 441.1 446.9 360.9 -0.1 -4.1 -8.1  \
  377.9 411.9 377.9 401.9 425.9 381.9 421.9 381.9 405.9 429.9  \
  416.9 426.9 441.1 446.9 360.9 -0.1 -4.1 -8.1 377.9 411.9  \
  377.9 401.9 425.9 381.9 421.9 381.9 405.9 429.9 416.9 426.9  \
  441.1 446.9 360.9 -0.1 -4.1 -8.1 377.9 411.9 377.9 401.9  \
  425.9 381.9 421.9 381.9 405.9 429.9 416.9 426.9 441.1 446.9  \
  360.9 -0.1 -4.1 -8.1 377.9 411.9 377.9 401.9 425.9 381.9  \
  421.9 381.9 405.9 429.9 416.9 426.9 441.1 446.9 377.9 411.9  \
  377.9 401.9 425.9 381.9 421.9 381.9 405.9 429.9 416.9 426.9  \
  441.1 446.9 377.9 411.9 377.9 401.9 425.9 381.9 421.9 381.9  \
  405.9 429.9 416.9 426.9 441.1 446.9 377.9 411.9 377.9 401.9  \
  425.9 381.9 421.9 381.9 405.9 429.9 416.9 426.9 441.1 446.9  \
  377.9 411.9 377.9 401.9 425.9 381.9 421.9 381.9 405.9 429.9  \
  416.9 426.9 441.1 446.9 377.9 411.9 377.9 401.9 425.9 381.9  \
  421.9 381.9 405.9 429.9 416.9 426.9 441.1 446.9 377.9 411.9  \
  377.9 401.9 425.9 381.9 421.9 381.9 405.9 429.9 416.9 426.9  \
  441.1 446.9 377.9 411.9 377.9 401.9 425.9 381.9 421.9 381.9  \
  405.9 429.9 416.9 426.9 441.1 446.9 377.9 411.9 377.9 401.9  \
  425.9 381.9 421.9 381.9 405.9 429.9 416.9 426.9 441.1 446.9  \
  377.9 411.9 377.9 401.9 425.9 381.9 421.9 381.9 405.9 429.9  \
  416.9 426.9 441.1 446.9 377.9 411.9 377.9 401.9 425.9 381.9  \
  421.9 381.9 405.9 429.9 416.9 426.9 441.1 446.9 377.9 411.9  \
  377.9 401.9 425.9 381.9 421.9 381.9 405.9 429.9 416.9 426.9  \
  441.1 446.9 377.9 411.9 377.9 401.9 425.9 381.9 421.9 381.9  \
  405.9 429.9 416.9 426.9 441.1 446.9 377.9 411.9 377.9 401.9  \
  425.9 421.9 381.9 405.9 429.9 416.9 426.9 441.1 446.9 377.9  \
  411.9 377.9 401.9 425.9 421.9 381.9 405.9 429.9 416.9 426.9  \
  441.1 446.9 377.9 411.9 377.9 401.9 425.9 421.9 381.9 405.9  \
  429.9 416.9 426.9 441.1 446.9 377.9 411.9 377.9 401.9 425.9  \
  421.9 381.9 405.9 429.9 416.9 426.9 441.1 377.9 411.9 421.9  \
  416.9 426.9 441.1 377.9 411.9 421.9 416.9 426.9 441.1 377.9  \
  411.9 421.9 416.9 426.9 441.1 377.9 411.9 421.9 416.9 426.9  \
  441.1 377.9 411.9 421.9 416.9 426.9 441.1 377.9 411.9 421.9  \
  416.9 426.9 441.1 377.9 411.9 421.9 416.9 426.9 441.1 377.9  \
  411.9 421.9 416.9 426.9 441.1 441.1 441.1 441.1 441.1 441.1  \
  441.1 441.1 441.1 441.1 441.1 441.1 441.1 441.1 441.1 441.1  \
  441.1 441.1 441.1 441.1 441.1 441.1 441.1 441.1 441.1 441.1  \
  441.1 441.1 441.1 441.1 441.1 441.1 
CellDxArray:  Double_t \
  0.25 1 0.94 0.0125 0.0125 0.0125 0.75 0.75 2.175 1  \
  1 1 1.02857 0.75 2.175 1 1 1 0.75 2.175  \
  0.75 2.175 2.175 2.175 0.25 1 0.94 0.0125 0.0125 0.0125  \
  0.75 0.75 2.175 1 1 1 1.02857 0.75 2.175 1  \
  1 1 0.75 2.175 0.75 2.175 2.175 2.175 0.25 1  \
  0.94 0.0125 0.0125 0.0125 0.75 0.75 2.175 1 1 1  \
  1.02857 0.75 2.175 1 1 1 0.75 2.175 0.75 2.175  \
  2.175 2.175 0.25 1 0.94 0.0125 0.0125 0.0125 0.75 0.75  \
  2.175 1 1 1 1.02857 0.75 2.175 1 1 1  \
  0.75 2.175 0.75 2.175 2.175 2.175 0.25 1 0.94 0.0125  \
  0.0125 0.0125 0.75 0.75 2.175 1 1 1 1.02857 0.75  \
  2.175 1 1 1 0.75 2.175 0.75 2.175 2.175 2.175  \
  0.25 1 0.94 0.0125 0.0125 0.0125 0.75 0.75 2.175 1  \
  1 1 1.02857 0.75 2.175 1 1 1 0.75 2.175  \
  0.75 2.175 2.175 2.175 0.25 1 0.94 0.0125 0.0125 0.0125  \
  0.75 0.75 2.175 1 1 1 1.02857 0.75 2.175 1  \
  1 1 0.75 2.175 0.75 2.175 2.175 2.175 0.25 1  \
  0.94 0.0125 0.0125 0.0125 0.75 0.75 2.175 1 1 1  \
  1.02857 0.75 2.175 1 1 1 0.75 2.175 0.75 2.175  \
  2.175 2.175 0.25 1 0.94 0.0125 0.0125 0.0125 0.75 0.75  \
  1 1 1 1.02857 0.75 1 1 1 0.75 0.75  \
  0.25 1 0.94 0.0125 0.0125 0.0125 0.75 0.75 1 1  \
  1 1.02857 0.75 1 1 1 0.75 0.75 0.25 1  \
  0.94 0.0125 0.0125 0.0125 0.75 0.75 1 1 1 1.02857  \
  0.75 1 1 1 0.75 0.75 0.25 1 0.94 0.0125  \
  0.0125 0.0125 0.75 0.75 1 1 1 1.02857 0.75 1  \
  1 1 0.75 0.75 0.25 1 0.94 0.0125 0.0125 0.0125  \
  0.75 0.75 1 1 1 1.02857 0.75 1 1 1  \
  0.75 0.75 0.25 1 0.94 0.0125 0.0125 0.0125 0.75 0.75  \
  1 1 1 1.02857 0.75 1 1 1 0.75 0.75  \
  0.25 1 0.94 0.0125 0.0125 0.0125 0.75 0.75 1 1  \
  1 1.02857 0.75 1 1 1 0.75 0.75 0.25 1  \
  0.94 0.0125 0.0125 0.0125 0.75 0.75 1 1 1 1.02857  \
  0.75 1 1 1 0.75 0.75 0.25 1 0.75 0.75  \
  1 1 1 1.02857 0.75 1 1 1 0.75 0.75  \
  0.25 1 0.75 0.75 1 1 1 1.02857 0.75 1  \
  1 1 0.75 0.75 0.25 1 0.75 0.75 1 1  \
  1 1.02857 0.75 1 1 1 0.75 0.75 0.25 1  \
  0.75 0.75 1 1 1 1.02857 0.75 1 1 1  \
  0.75 0.75 0.25 1 0.75 0.75 1 1 1 1.02857  \
  0.75 1 1 1 0.75 0.75 0.25 1 0.75 0.75  \
  1 1 1 1.02857 0.75 1 1 1 0.75 0.75  \
  0.25 1 0.75 0.75 1 1 1 1.02857 0.75 1  \
  1 1 0.75 0.75 0.25 1 0.75 0.75 1 1  \
  1 1.02857 0.75 1 1 1 0.75 0.75 0.25 1  \
  0.75 0.75 1 1 1 1.02857 0.75 1 1 1  \
  0.75 0.75 0.25 1 0.75 0.75 1 1 1 1.02857  \
  0.75 1 1 1 0.75 0.75 0.25 1 0.75 0.75  \
  1 1 1 1.02857 0.75 1 1 1 0.75 0.75  \
  0.25 1 0.75 0.75 1 1 1 1.02857 0.75 1  \
  1 1 0.75 0.75 0.25 1 0.75 0.75 1 1  \
  1 0.75 1 1 1 0.75 0.75 0.25 1 0.75  \
  0.75 1 1 1 0.75 1 1 1 0.75 0.75  \
  0.25 1 0.75 0.75 1 1 1 0.75 1 1  \
  1 0.75 0.75 0.25 1 0.75 0.75 1 1 1  \
  0.75 1 1 1 0.75 0.75 0.25 0.75 0.75 0.75  \
  0.75 0.75 0.25 0.75 0.75 0.75 0.75 0.75 0.25 0.75  \
  0.75 0.75 0.75 0.75 0.25 0.75 0.75 0.75 0.75 0.75  \
  0.25 0.75 0.75 0.75 0.75 0.75 0.25 0.75 0.75 0.75  \
  0.75 0.75 0.25 0.75 0.75 0.75 0.75 0.75 0.25 0.75  \
  0.75 0.75 0.75 0.75 0.25 0.25 0.25 0.25 0.25 0.25  \
  0.25 0.25 0.25 0.25 0.25 0.25 0.25 0.25 0.25 0.25  \
  0.25 0.25 0.25 0.25 0.25 0.25 0.25 0.25 0.25 0.25  \
  0.25 0.25 0.25 0.25 0.25 0.25 
CellDyArray:  Double_t \
  4.6 26.9 4 0.2 0.2 0.2 9.6 9.6 2 26.9  \
  26.9 26.9 9.6 9.6 2 26.9 26.9 26.9 9.6 2  \
  9.6 2 2 2 4.6 26.9 4 0.2 0.2 0.2  \
  9.6 9.6 2 26.9 26.9 26.9 9.6 9.6 2 26.9  \
  26.9 26.9 9.6 2 9.6 2 2 2 4.6 26.9  \
  4 0.2 0.2 0.2 9.6 9.6 2 26.9 26.9 26.9  \
  9.6 9.6 2 26.9 26.9 26.9 9.6 2 9.6 2  \
  2 2 4.6 26.9 4 0.2 0.2 0.2 9.6 9.6  \
  2 26.9 26.9 26.9 9.6 9.6 2 26.9 26.9 26.9  \
  9.6 2 9.6 2 2 2 4.6 26.9 4 0.2  \
  0.2 0.2 9.6 9.6 2 26.9 26.9 26.9 9.6 9.6  \
  2 26.9 26.9 26.9 9.6 2 9.6 2 2 2  \
  4.6 26.9 4 0.2 0.2 0.2 9.6 9.6 2 26.9  \
  26.9 26.9 9.6 9.6 2 26.9 26.9 26.9 9.6 2  \
  9.6 2 2 2 4.6 26.9 4 0.2 0.2 0.2  \
  9.6 9.6 2 26.9 26.9 26.9 9.6 9.6 2 26.9  \
  26.9 26.9 9.6 2 9.6 2 2 2 4.6 26.9  \
  4 0.2 0.2 0.2 9.6 9.6 2 26.9 26.9 26.9  \
  9.6 9.6 2 26.9 26.9 26.9 9.6 2 9.6 2  \
  2 2 4.6 26.9 4 0.2 0.2 0.2 9.6 9.6  \
  26.9 26.9 26.9 9.6 9.6 26.9 26.9 26.9 9.6 9.6  \
  4.6 26.9 4 0.2 0.2 0.2 9.6 9.6 26.9 26.9  \
  26.9 9.6 9.6 26.9 26.9 26.9 9.6 9.6 4.6 26.9  \
  4 0.2 0.2 0.2 9.6 9.6 26.9 26.9 26.9 9.6  \
  9.6 26.9 26.9 26.9 9.6 9.6 4.6 26.9 4 0.2  \
  0.2 0.2 9.6 9.6 26.9 26.9 26.9 9.6 9.6 26.9  \
  26.9 26.9 9.6 9.6 4.6 26.9 4 0.2 0.2 0.2  \
  9.6 9.6 26.9 26.9 26.9 9.6 9.6 26.9 26.9 26.9  \
  9.6 9.6 4.6 26.9 4 0.2 0.2 0.2 9.6 9.6  \
  26.9 26.9 26.9 9.6 9.6 26.9 26.9 26.9 9.6 9.6  \
  4.6 26.9 4 0.2 0.2 0.2 9.6 9.6 26.9 26.9  \
  26.9 9.6 9.6 26.9 26.9 26.9 9.6 9.6 4.6 26.9  \
  4 0.2 0.2 0.2 9.6 9.6 26.9 26.9 26.9 9.6  \
  9.6 26.9 26.9 26.9 9.6 9.6 4.6 26.9 9.6 9.6  \
  26.9 26.9 26.9 9.6 9.6 26.9 26.9 26.9 9.6 9.6  \
  4.6 26.9 9.6 9.6 26.9 26.9 26.9 9.6 9.6 26.9  \
  26.9 26.9 9.6 9.6 4.6 26.9 9.6 9.6 26.9 26.9  \
  26.9 9.6 9.6 26.9 26.9 26.9 9.6 9.6 4.6 26.9  \
  9.6 9.6 26.9 26.9 26.9 9.6 9.6 26.9 26.9 26.9  \
  9.6 9.6 4.6 26.9 9.6 9.6 26.9 26.9 26.9 9.6  \
  9.6 26.9 26.9 26.9 9.6 9.6 4.6 26.9 9.6 9.6  \
  26.9 26.9 26.9 9.6 9.6 26.9 26.9 26.9 9.6 9.6  \
  4.6 26.9 9.6 9.6 26.9 26.9 26.9 9.6 9.6 26.9  \
  26.9 26.9 9.6 9.6 4.6 26.9 9.6 9.6 26.9 26.9  \
  26.9 9.6 9.6 26.9 26.9 26.9 9.6 9.6 4.6 26.9  \
  9.6 9.6 26.9 26.9 26.9 9.6 9.6 26.9 26.9 26.9  \
  9.6 9.6 4.6 26.9 9.6 9.6 26.9 26.9 26.9 9.6  \
  9.6 26.9 26.9 26.9 9.6 9.6 4.6 26.9 9.6 9.6  \
  26.9 26.9 26.9 9.6 9.6 26.9 26.9 26.9 9.6 9.6  \
  4.6 26.9 9.6 9.6 26.9 26.9 26.9 9.6 9.6 26.9  \
  26.9 26.9 9.6 9.6 4.6 26.9 9.6 9.6 26.9 26.9  \
  26.9 9.6 26.9 26.9 26.9 9.6 9.6 4.6 26.9 9.6  \
  9.6 26.9 26.9 26.9 9.6 26.9 26.9 26.9 9.6 9.6  \
  4.6 26.9 9.6 9.6 26.9 26.9 26.9 9.6 26.9 26.9  \
  26.9 9.6 9.6 4.6 26.9 9.6 9.6 26.9 26.9 26.9  \
  9.6 26.9 26.9 26.9 9.6 9.6 4.6 9.6 9.6 9.6  \
  9.6 9.6 4.6 9.6 9.6 9.6 9.6 9.6 4.6 9.6  \
  9.6 9.6 9.6 9.6 4.6 9.6 9.6 9.6 9.6 9.6  \
  4.6 9.6 9.6 9.6 9.6 9.6 4.6 9.6 9.6 9.6  \
  9.6 9.6 4.6 9.6 9.6 9.6 9.6 9.6 4.6 9.6  \
  9.6 9.6 9.6 9.6 4.6 4.6 4.6 4.6 4.6 4.6  \
  4.6 4.6 4.6 4.6 4.6 4.6 4.6 4.6 4.6 4.6  \
  4.6 4.6 4.6 4.6 4.6 4.6 4.6 4.6 4.6 4.6  \
  4.6 4.6 4.6 4.6 4.6 4.6 
