##############################################################################
# Class:   CbmTofDigiPar
# Context: TestDefaultContext
##############################################################################
[CbmTofDigiPar]
//----------------------------------------------------------------------------
NrOfCells:  Int_t  468 
CellIdArray:  Int_t \
  16777286 16777798 16778310 16908358 16908870 16909382 17039430 17039942 17040454 33554502  \
  33555014 33555526 33685574 33686086 33686598 33816646 33817158 33817670 50331718 50332230  \
  50332742 50462790 50463302 50463814 50593862 50594374 50594886 67108934 67109446 67109958  \
  67240006 67240518 67241030 67371078 67371590 67372102 83886150 83886662 83887174 84017222  \
  84017734 84018246 84148294 84148806 84149318 100663366 100663878 100664390 100794438 100794950  \
  100795462 100925510 100926022 100926534 117440582 117441094 117441606 117571654 117572166 117572678  \
  117702726 117703238 117703750 134217798 134218310 134218822 134348870 134349382 134349894 134479942  \
  134480454 134480966 150995014 150995526 150996038 151126086 151126598 151127110 151257158 151257670  \
  151258182 167772230 167772742 167773254 167903302 167903814 167904326 168034374 168034886 168035398  \
  184549446 184549958 184550470 184680518 184681030 184681542 184811590 184812102 184812614 201326662  \
  201327174 201327686 201457734 201458246 201458758 201588806 201589318 201589830 218103878 218104390  \
  218104902 218234950 218235462 218235974 218366022 218366534 218367046 234881094 234881606 234882118  \
  235012166 235012678 235013190 235143238 235143750 235144262 251658310 251658822 251659334 251789382  \
  251789894 251790406 251920454 251920966 251921478 268435526 268436038 268436550 268566598 268567110  \
  268567622 268697670 268698182 268698694 285212742 285213254 285213766 285343814 285344326 285344838  \
  285474886 285475398 285475910 301989958 301990470 301990982 302121030 302121542 302122054 302252102  \
  302252614 302253126 318767174 318767686 318768198 318898246 318898758 318899270 319029318 319029830  \
  319030342 335544390 335544902 335545414 335675462 335675974 335676486 335806534 335807046 335807558  \
  352321606 352322118 352322630 352452678 352453190 352453702 352583750 352584262 352584774 369098822  \
  369099334 369099846 369229894 369230406 369230918 369360966 369361478 369361990 385876038 385876550  \
  385877062 386007110 386007622 386008134 386138182 386138694 386139206 402653254 402653766 402654278  \
  402784326 402784838 402785350 402915398 402915910 402916422 419430470 419430982 419431494 419561542  \
  419562054 419562566 419692614 419693126 419693638 436207686 436208198 436208710 436338758 436339270  \
  436339782 436469830 436470342 436470854 452984902 452985414 452985926 453115974 453116486 453116998  \
  453247046 453247558 453248070 469762118 469762630 469763142 469893190 469893702 469894214 470024262  \
  470024774 470025286 486539334 486539846 486540358 486670406 486670918 486671430 486801478 486801990  \
  486802502 503316550 503317062 503317574 503447622 503448134 503448646 503578694 503579206 503579718  \
  520093766 520094278 520094790 520224838 520225350 520225862 520355910 520356422 520356934 536870982  \
  536871494 536872006 537002054 537002566 537003078 537133126 537133638 537134150 553648198 553648710  \
  553649222 553779270 553779782 553780294 553910342 553910854 553911366 570425414 570425926 570426438  \
  570556486 570556998 570557510 570687558 570688070 570688582 587202630 587203142 587203654 587333702  \
  587334214 587334726 587464774 587465286 587465798 603979846 603980358 603980870 604110918 604111430  \
  604111942 604241990 604242502 604243014 620757062 620757574 620758086 620888134 620888646 620889158  \
  621019206 621019718 621020230 637534278 637534790 637535302 637665350 637665862 637666374 637796422  \
  637796934 637797446 654311494 654312006 654312518 654442566 654443078 654443590 654573638 654574150  \
  654574662 671088710 671089222 671089734 671219782 671220294 671220806 671350854 671351366 671351878  \
  687865926 687866438 687866950 687996998 687997510 687998022 688128070 688128582 688129094 704643142  \
  704643654 704644166 704774214 704774726 704775238 704905286 704905798 704906310 721420358 721420870  \
  721421382 721551430 721551942 721552454 721682502 721683014 721683526 738197574 738198086 738198598  \
  738328646 738329158 738329670 738459718 738460230 738460742 754974790 754975302 754975814 755105862  \
  755106374 755106886 755236934 755237446 755237958 771752006 771752518 771753030 771883078 771883590  \
  771884102 772014150 772014662 772015174 788529222 788529734 788530246 788660294 788660806 788661318  \
  788791366 788791878 788792390 805306438 805306950 805307462 805437510 805438022 805438534 805568582  \
  805569094 805569606 822083654 822084166 822084678 822214726 822215238 822215750 822345798 822346310  \
  822346822 838860870 838861382 838861894 838991942 838992454 838992966 839123014 839123526 839124038  \
  855638086 855638598 855639110 855769158 855769670 855770182 855900230 855900742 855901254 872415302  \
  872415814 872416326 872546374 872546886 872547398 872677446 872677958 872678470 
CellXArray:  Double_t \
  -76.3099 -76.3099 -76.3099 -25.3099 -25.3099 -25.3099 25.6901 25.6901 25.6901 -75.3174  \
  -75.3174 -75.3174 -24.3174 -24.3174 -24.3174 26.6826 26.6826 26.6826 -74.3248 -74.3248  \
  -74.3248 -23.3248 -23.3248 -23.3248 27.6752 27.6752 27.6752 -73.3323 -73.3323 -73.3323  \
  -22.3323 -22.3323 -22.3323 28.6677 28.6677 28.6677 -72.3397 -72.3397 -72.3397 -21.3397  \
  -21.3397 -21.3397 29.6603 29.6603 29.6603 -71.3472 -71.3472 -71.3472 -20.3472 -20.3472  \
  -20.3472 30.6528 30.6528 30.6528 -70.3546 -70.3546 -70.3546 -19.3547 -19.3547 -19.3547  \
  31.6453 31.6453 31.6453 -69.3621 -69.3621 -69.3621 -18.3621 -18.3621 -18.3621 32.6379  \
  32.6379 32.6379 -68.3696 -68.3696 -68.3696 -17.3696 -17.3696 -17.3696 33.6304 33.6304  \
  33.6304 -67.377 -67.377 -67.377 -16.377 -16.377 -16.377 34.623 34.623 34.623  \
  -66.3845 -66.3845 -66.3845 -15.3845 -15.3845 -15.3845 35.6155 35.6155 35.6155 -65.3919  \
  -65.3919 -65.3919 -14.3919 -14.3919 -14.3919 36.6081 36.6081 36.6081 -64.3994 -64.3994  \
  -64.3994 -13.3994 -13.3994 -13.3994 37.6006 37.6006 37.6006 -63.4068 -63.4068 -63.4068  \
  -12.4068 -12.4068 -12.4068 38.5932 38.5932 38.5932 -62.4143 -62.4143 -62.4143 -11.4143  \
  -11.4143 -11.4143 39.5857 39.5857 39.5857 -61.4217 -61.4217 -61.4217 -10.4217 -10.4217  \
  -10.4217 40.5783 40.5783 40.5783 -60.4292 -60.4292 -60.4292 -9.42919 -9.42919 -9.42919  \
  41.5708 41.5708 41.5708 -59.4366 -59.4366 -59.4366 -8.43664 -8.43664 -8.43664 42.5634  \
  42.5634 42.5634 -58.4441 -58.4441 -58.4441 -7.4441 -7.4441 -7.4441 43.5559 43.5559  \
  43.5559 -57.4516 -57.4516 -57.4516 -6.45155 -6.45155 -6.45155 44.5484 44.5484 44.5484  \
  -56.459 -56.459 -56.459 -5.459 -5.459 -5.459 45.541 45.541 45.541 -55.4665  \
  -55.4665 -55.4665 -4.46646 -4.46646 -4.46646 46.5335 46.5335 46.5335 -54.4739 -54.4739  \
  -54.4739 -3.47391 -3.47391 -3.47391 47.5261 47.5261 47.5261 -53.4814 -53.4814 -53.4814  \
  -2.48137 -2.48137 -2.48137 48.5186 48.5186 48.5186 -52.4888 -52.4888 -52.4888 -1.48882  \
  -1.48882 -1.48882 49.5112 49.5112 49.5112 -51.4963 -51.4963 -51.4963 -0.496273 -0.496273  \
  -0.496273 50.5037 50.5037 50.5037 -50.5037 -50.5037 -50.5037 0.496273 0.496273 0.496273  \
  51.4963 51.4963 51.4963 -49.5112 -49.5112 -49.5112 1.48882 1.48882 1.48882 52.4888  \
  52.4888 52.4888 -48.5186 -48.5186 -48.5186 2.48137 2.48137 2.48137 53.4814 53.4814  \
  53.4814 -47.5261 -47.5261 -47.5261 3.47391 3.47391 3.47391 54.4739 54.4739 54.4739  \
  -46.5335 -46.5335 -46.5335 4.46646 4.46646 4.46646 55.4665 55.4665 55.4665 -45.541  \
  -45.541 -45.541 5.459 5.459 5.459 56.459 56.459 56.459 -44.5484 -44.5484  \
  -44.5484 6.45155 6.45155 6.45155 57.4516 57.4516 57.4516 -43.5559 -43.5559 -43.5559  \
  7.4441 7.4441 7.4441 58.4441 58.4441 58.4441 -42.5634 -42.5634 -42.5634 8.43664  \
  8.43664 8.43664 59.4366 59.4366 59.4366 -41.5708 -41.5708 -41.5708 9.42919 9.42919  \
  9.42919 60.4292 60.4292 60.4292 -40.5783 -40.5783 -40.5783 10.4217 10.4217 10.4217  \
  61.4217 61.4217 61.4217 -39.5857 -39.5857 -39.5857 11.4143 11.4143 11.4143 62.4143  \
  62.4143 62.4143 -38.5932 -38.5932 -38.5932 12.4068 12.4068 12.4068 63.4068 63.4068  \
  63.4068 -37.6006 -37.6006 -37.6006 13.3994 13.3994 13.3994 64.3994 64.3994 64.3994  \
  -36.6081 -36.6081 -36.6081 14.3919 14.3919 14.3919 65.3919 65.3919 65.3919 -35.6155  \
  -35.6155 -35.6155 15.3845 15.3845 15.3845 66.3845 66.3845 66.3845 -34.623 -34.623  \
  -34.623 16.377 16.377 16.377 67.377 67.377 67.377 -33.6304 -33.6304 -33.6304  \
  17.3696 17.3696 17.3696 68.3696 68.3696 68.3696 -32.6379 -32.6379 -32.6379 18.3621  \
  18.3621 18.3621 69.3621 69.3621 69.3621 -31.6453 -31.6453 -31.6453 19.3547 19.3547  \
  19.3547 70.3546 70.3546 70.3546 -30.6528 -30.6528 -30.6528 20.3472 20.3472 20.3472  \
  71.3472 71.3472 71.3472 -29.6603 -29.6603 -29.6603 21.3397 21.3397 21.3397 72.3397  \
  72.3397 72.3397 -28.6677 -28.6677 -28.6677 22.3323 22.3323 22.3323 73.3323 73.3323  \
  73.3323 -27.6752 -27.6752 -27.6752 23.3248 23.3248 23.3248 74.3248 74.3248 74.3248  \
  -26.6826 -26.6826 -26.6826 24.3174 24.3174 24.3174 75.3174 75.3174 75.3174 -25.6901  \
  -25.6901 -25.6901 25.3099 25.3099 25.3099 76.3099 76.3099 76.3099 
CellYArray:  Double_t \
  0 52 -52 0 52 -52 0 52 -52 0  \
  52 -52 0 52 -52 0 52 -52 0 52  \
  -52 0 52 -52 0 52 -52 0 52 -52  \
  0 52 -52 0 52 -52 0 52 -52 0  \
  52 -52 0 52 -52 0 52 -52 0 52  \
  -52 0 52 -52 0 52 -52 0 52 -52  \
  0 52 -52 0 52 -52 0 52 -52 0  \
  52 -52 0 52 -52 0 52 -52 0 52  \
  -52 0 52 -52 0 52 -52 0 52 -52  \
  0 52 -52 0 52 -52 0 52 -52 0  \
  52 -52 0 52 -52 0 52 -52 0 52  \
  -52 0 52 -52 0 52 -52 0 52 -52  \
  0 52 -52 0 52 -52 0 52 -52 0  \
  52 -52 0 52 -52 0 52 -52 0 52  \
  -52 0 52 -52 0 52 -52 0 52 -52  \
  0 52 -52 0 52 -52 0 52 -52 0  \
  52 -52 0 52 -52 0 52 -52 0 52  \
  -52 0 52 -52 0 52 -52 0 52 -52  \
  0 52 -52 0 52 -52 0 52 -52 0  \
  52 -52 0 52 -52 0 52 -52 0 52  \
  -52 0 52 -52 0 52 -52 0 52 -52  \
  0 52 -52 0 52 -52 0 52 -52 0  \
  52 -52 0 52 -52 0 52 -52 0 52  \
  -52 0 52 -52 0 52 -52 0 52 -52  \
  0 52 -52 0 52 -52 0 52 -52 0  \
  52 -52 0 52 -52 0 52 -52 0 52  \
  -52 0 52 -52 0 52 -52 0 52 -52  \
  0 52 -52 0 52 -52 0 52 -52 0  \
  52 -52 0 52 -52 0 52 -52 0 52  \
  -52 0 52 -52 0 52 -52 0 52 -52  \
  0 52 -52 0 52 -52 0 52 -52 0  \
  52 -52 0 52 -52 0 52 -52 0 52  \
  -52 0 52 -52 0 52 -52 0 52 -52  \
  0 52 -52 0 52 -52 0 52 -52 0  \
  52 -52 0 52 -52 0 52 -52 0 52  \
  -52 0 52 -52 0 52 -52 0 52 -52  \
  0 52 -52 0 52 -52 0 52 -52 0  \
  52 -52 0 52 -52 0 52 -52 0 52  \
  -52 0 52 -52 0 52 -52 0 52 -52  \
  0 52 -52 0 52 -52 0 52 -52 0  \
  52 -52 0 52 -52 0 52 -52 0 52  \
  -52 0 52 -52 0 52 -52 0 52 -52  \
  0 52 -52 0 52 -52 0 52 -52 0  \
  52 -52 0 52 -52 0 52 -52 0 52  \
  -52 0 52 -52 0 52 -52 0 52 -52  \
  0 52 -52 0 52 -52 0 52 -52 0  \
  52 -52 0 52 -52 0 52 -52 
CellZArray:  Double_t \
  244.608 231.608 231.608 244.608 231.608 231.608 244.608 231.608 231.608 244.486  \
  231.486 231.486 244.486 231.486 231.486 244.486 231.486 231.486 244.364 231.364  \
  231.364 244.364 231.364 231.364 244.364 231.364 231.364 244.242 231.242 231.242  \
  244.242 231.242 231.242 244.242 231.242 231.242 244.12 231.12 231.12 244.12  \
  231.12 231.12 244.12 231.12 231.12 243.998 230.998 230.998 243.998 230.998  \
  230.998 243.998 230.998 230.998 243.876 230.876 230.876 243.876 230.876 230.876  \
  243.876 230.876 230.876 243.755 230.755 230.755 243.755 230.755 230.755 243.755  \
  230.755 230.755 243.633 230.633 230.633 243.633 230.633 230.633 243.633 230.633  \
  230.633 243.511 230.511 230.511 243.511 230.511 230.511 243.511 230.511 230.511  \
  243.389 230.389 230.389 243.389 230.389 230.389 243.389 230.389 230.389 243.267  \
  230.267 230.267 243.267 230.267 230.267 243.267 230.267 230.267 243.145 230.145  \
  230.145 243.145 230.145 230.145 243.145 230.145 230.145 243.023 230.023 230.023  \
  243.023 230.023 230.023 243.023 230.023 230.023 242.901 229.901 229.901 242.901  \
  229.901 229.901 242.901 229.901 229.901 242.78 229.78 229.78 242.78 229.78  \
  229.78 242.78 229.78 229.78 242.658 229.658 229.658 242.658 229.658 229.658  \
  242.658 229.658 229.658 242.536 229.536 229.536 242.536 229.536 229.536 242.536  \
  229.536 229.536 242.414 229.414 229.414 242.414 229.414 229.414 242.414 229.414  \
  229.414 242.292 229.292 229.292 242.292 229.292 229.292 242.292 229.292 229.292  \
  242.17 229.17 229.17 242.17 229.17 229.17 242.17 229.17 229.17 242.048  \
  229.048 229.048 242.048 229.048 229.048 242.048 229.048 229.048 241.927 228.927  \
  228.927 241.927 228.927 228.927 241.927 228.927 228.927 241.805 228.805 228.805  \
  241.805 228.805 228.805 241.805 228.805 228.805 241.683 228.683 228.683 241.683  \
  228.683 228.683 241.683 228.683 228.683 241.561 228.561 228.561 241.561 228.561  \
  228.561 241.561 228.561 228.561 241.439 228.439 228.439 241.439 228.439 228.439  \
  241.439 228.439 228.439 241.317 228.317 228.317 241.317 228.317 228.317 241.317  \
  228.317 228.317 241.195 228.195 228.195 241.195 228.195 228.195 241.195 228.195  \
  228.195 241.073 228.073 228.073 241.073 228.073 228.073 241.073 228.073 228.073  \
  240.952 227.952 227.952 240.952 227.952 227.952 240.952 227.952 227.952 240.83  \
  227.83 227.83 240.83 227.83 227.83 240.83 227.83 227.83 240.708 227.708  \
  227.708 240.708 227.708 227.708 240.708 227.708 227.708 240.586 227.586 227.586  \
  240.586 227.586 227.586 240.586 227.586 227.586 240.464 227.464 227.464 240.464  \
  227.464 227.464 240.464 227.464 227.464 240.342 227.342 227.342 240.342 227.342  \
  227.342 240.342 227.342 227.342 240.22 227.22 227.22 240.22 227.22 227.22  \
  240.22 227.22 227.22 240.099 227.099 227.099 240.099 227.099 227.099 240.099  \
  227.099 227.099 239.977 226.977 226.977 239.977 226.977 226.977 239.977 226.977  \
  226.977 239.855 226.855 226.855 239.855 226.855 226.855 239.855 226.855 226.855  \
  239.733 226.733 226.733 239.733 226.733 226.733 239.733 226.733 226.733 239.611  \
  226.611 226.611 239.611 226.611 226.611 239.611 226.611 226.611 239.489 226.489  \
  226.489 239.489 226.489 226.489 239.489 226.489 226.489 239.367 226.367 226.367  \
  239.367 226.367 226.367 239.367 226.367 226.367 239.245 226.245 226.245 239.245  \
  226.245 226.245 239.245 226.245 226.245 239.124 226.124 226.124 239.124 226.124  \
  226.124 239.124 226.124 226.124 239.002 226.002 226.002 239.002 226.002 226.002  \
  239.002 226.002 226.002 238.88 225.88 225.88 238.88 225.88 225.88 238.88  \
  225.88 225.88 238.758 225.758 225.758 238.758 225.758 225.758 238.758 225.758  \
  225.758 238.636 225.636 225.636 238.636 225.636 225.636 238.636 225.636 225.636  \
  238.514 225.514 225.514 238.514 225.514 225.514 238.514 225.514 225.514 238.392  \
  225.392 225.392 238.392 225.392 225.392 238.392 225.392 225.392 
CellDxArray:  Double_t \
  1 1 1 1 1 1 1 1 1 1  \
  1 1 1 1 1 1 1 1 1 1  \
  1 1 1 1 1 1 1 1 1 1  \
  1 1 1 1 1 1 1 1 1 1  \
  1 1 1 1 1 1 1 1 1 1  \
  1 1 1 1 1 1 1 1 1 1  \
  1 1 1 1 1 1 1 1 1 1  \
  1 1 1 1 1 1 1 1 1 1  \
  1 1 1 1 1 1 1 1 1 1  \
  1 1 1 1 1 1 1 1 1 1  \
  1 1 1 1 1 1 1 1 1 1  \
  1 1 1 1 1 1 1 1 1 1  \
  1 1 1 1 1 1 1 1 1 1  \
  1 1 1 1 1 1 1 1 1 1  \
  1 1 1 1 1 1 1 1 1 1  \
  1 1 1 1 1 1 1 1 1 1  \
  1 1 1 1 1 1 1 1 1 1  \
  1 1 1 1 1 1 1 1 1 1  \
  1 1 1 1 1 1 1 1 1 1  \
  1 1 1 1 1 1 1 1 1 1  \
  1 1 1 1 1 1 1 1 1 1  \
  1 1 1 1 1 1 1 1 1 1  \
  1 1 1 1 1 1 1 1 1 1  \
  1 1 1 1 1 1 1 1 1 1  \
  1 1 1 1 1 1 1 1 1 1  \
  1 1 1 1 1 1 1 1 1 1  \
  1 1 1 1 1 1 1 1 1 1  \
  1 1 1 1 1 1 1 1 1 1  \
  1 1 1 1 1 1 1 1 1 1  \
  1 1 1 1 1 1 1 1 1 1  \
  1 1 1 1 1 1 1 1 1 1  \
  1 1 1 1 1 1 1 1 1 1  \
  1 1 1 1 1 1 1 1 1 1  \
  1 1 1 1 1 1 1 1 1 1  \
  1 1 1 1 1 1 1 1 1 1  \
  1 1 1 1 1 1 1 1 1 1  \
  1 1 1 1 1 1 1 1 1 1  \
  1 1 1 1 1 1 1 1 1 1  \
  1 1 1 1 1 1 1 1 1 1  \
  1 1 1 1 1 1 1 1 1 1  \
  1 1 1 1 1 1 1 1 1 1  \
  1 1 1 1 1 1 1 1 1 1  \
  1 1 1 1 1 1 1 1 1 1  \
  1 1 1 1 1 1 1 1 1 1  \
  1 1 1 1 1 1 1 1 1 1  \
  1 1 1 1 1 1 1 1 1 1  \
  1 1 1 1 1 1 1 1 
CellDyArray:  Double_t \
  53 53 53 53 53 53 53 53 53 53  \
  53 53 53 53 53 53 53 53 53 53  \
  53 53 53 53 53 53 53 53 53 53  \
  53 53 53 53 53 53 53 53 53 53  \
  53 53 53 53 53 53 53 53 53 53  \
  53 53 53 53 53 53 53 53 53 53  \
  53 53 53 53 53 53 53 53 53 53  \
  53 53 53 53 53 53 53 53 53 53  \
  53 53 53 53 53 53 53 53 53 53  \
  53 53 53 53 53 53 53 53 53 53  \
  53 53 53 53 53 53 53 53 53 53  \
  53 53 53 53 53 53 53 53 53 53  \
  53 53 53 53 53 53 53 53 53 53  \
  53 53 53 53 53 53 53 53 53 53  \
  53 53 53 53 53 53 53 53 53 53  \
  53 53 53 53 53 53 53 53 53 53  \
  53 53 53 53 53 53 53 53 53 53  \
  53 53 53 53 53 53 53 53 53 53  \
  53 53 53 53 53 53 53 53 53 53  \
  53 53 53 53 53 53 53 53 53 53  \
  53 53 53 53 53 53 53 53 53 53  \
  53 53 53 53 53 53 53 53 53 53  \
  53 53 53 53 53 53 53 53 53 53  \
  53 53 53 53 53 53 53 53 53 53  \
  53 53 53 53 53 53 53 53 53 53  \
  53 53 53 53 53 53 53 53 53 53  \
  53 53 53 53 53 53 53 53 53 53  \
  53 53 53 53 53 53 53 53 53 53  \
  53 53 53 53 53 53 53 53 53 53  \
  53 53 53 53 53 53 53 53 53 53  \
  53 53 53 53 53 53 53 53 53 53  \
  53 53 53 53 53 53 53 53 53 53  \
  53 53 53 53 53 53 53 53 53 53  \
  53 53 53 53 53 53 53 53 53 53  \
  53 53 53 53 53 53 53 53 53 53  \
  53 53 53 53 53 53 53 53 53 53  \
  53 53 53 53 53 53 53 53 53 53  \
  53 53 53 53 53 53 53 53 53 53  \
  53 53 53 53 53 53 53 53 53 53  \
  53 53 53 53 53 53 53 53 53 53  \
  53 53 53 53 53 53 53 53 53 53  \
  53 53 53 53 53 53 53 53 53 53  \
  53 53 53 53 53 53 53 53 53 53  \
  53 53 53 53 53 53 53 53 53 53  \
  53 53 53 53 53 53 53 53 53 53  \
  53 53 53 53 53 53 53 53 53 53  \
  53 53 53 53 53 53 53 53 
###################################
