##############################################################################
# Class:   CbmTofDigiPar
# Context: TestDefaultContext
##############################################################################
[CbmTofDigiPar]
//----------------------------------------------------------------------------
NrOfCells:  Int_t  800 
CellIdArray:  Int_t \
  6 22 38 54 70 65542 65558 65574 65590 65606  \
  131078 131094 131110 131126 131142 196614 196630 196646 196662 196678  \
  262150 262166 262182 262198 262214 16777222 16777238 16777254 16777270 16777286  \
  16842758 16842774 16842790 16842806 16842822 16908294 16908310 16908326 16908342 16908358  \
  16973830 16973846 16973862 16973878 16973894 17039366 17039382 17039398 17039414 17039430  \
  33554438 33554454 33554470 33554486 33554502 33619974 33619990 33620006 33620022 33620038  \
  33685510 33685526 33685542 33685558 33685574 33751046 33751062 33751078 33751094 33751110  \
  33816582 33816598 33816614 33816630 33816646 50331654 50331670 50331686 50331702 50331718  \
  50397190 50397206 50397222 50397238 50397254 50462726 50462742 50462758 50462774 50462790  \
  50528262 50528278 50528294 50528310 50528326 50593798 50593814 50593830 50593846 50593862  \
  67108870 67108886 67108902 67108918 67108934 67174406 67174422 67174438 67174454 67174470  \
  67239942 67239958 67239974 67239990 67240006 67305478 67305494 67305510 67305526 67305542  \
  67371014 67371030 67371046 67371062 67371078 83886086 83886102 83886118 83886134 83886150  \
  83951622 83951638 83951654 83951670 83951686 84017158 84017174 84017190 84017206 84017222  \
  84082694 84082710 84082726 84082742 84082758 84148230 84148246 84148262 84148278 84148294  \
  100663302 100663318 100663334 100663350 100663366 100728838 100728854 100728870 100728886 100728902  \
  100794374 100794390 100794406 100794422 100794438 100859910 100859926 100859942 100859958 100859974  \
  100925446 100925462 100925478 100925494 100925510 117440518 117440534 117440550 117440566 117440582  \
  117506054 117506070 117506086 117506102 117506118 117571590 117571606 117571622 117571638 117571654  \
  117637126 117637142 117637158 117637174 117637190 117702662 117702678 117702694 117702710 117702726  \
  134217734 134217750 134217766 134217782 134217798 134283270 134283286 134283302 134283318 134283334  \
  134348806 134348822 134348838 134348854 134348870 134414342 134414358 134414374 134414390 134414406  \
  134479878 134479894 134479910 134479926 134479942 150994950 150994966 150994982 150994998 150995014  \
  151060486 151060502 151060518 151060534 151060550 151126022 151126038 151126054 151126070 151126086  \
  151191558 151191574 151191590 151191606 151191622 151257094 151257110 151257126 151257142 151257158  \
  167772166 167772182 167772198 167772214 167772230 167837702 167837718 167837734 167837750 167837766  \
  167903238 167903254 167903270 167903286 167903302 167968774 167968790 167968806 167968822 167968838  \
  168034310 168034326 168034342 168034358 168034374 184549382 184549398 184549414 184549430 184549446  \
  184614918 184614934 184614950 184614966 184614982 184680454 184680470 184680486 184680502 184680518  \
  184745990 184746006 184746022 184746038 184746054 184811526 184811542 184811558 184811574 184811590  \
  201326598 201326614 201326630 201326646 201326662 201392134 201392150 201392166 201392182 201392198  \
  201457670 201457686 201457702 201457718 201457734 201523206 201523222 201523238 201523254 201523270  \
  201588742 201588758 201588774 201588790 201588806 218103814 218103830 218103846 218103862 218103878  \
  218169350 218169366 218169382 218169398 218169414 218234886 218234902 218234918 218234934 218234950  \
  218300422 218300438 218300454 218300470 218300486 218365958 218365974 218365990 218366006 218366022  \
  234881030 234881046 234881062 234881078 234881094 234946566 234946582 234946598 234946614 234946630  \
  235012102 235012118 235012134 235012150 235012166 235077638 235077654 235077670 235077686 235077702  \
  235143174 235143190 235143206 235143222 235143238 251658246 251658262 251658278 251658294 251658310  \
  251723782 251723798 251723814 251723830 251723846 251789318 251789334 251789350 251789366 251789382  \
  251854854 251854870 251854886 251854902 251854918 251920390 251920406 251920422 251920438 251920454  \
  268435462 268435478 268435494 268435510 268435526 268500998 268501014 268501030 268501046 268501062  \
  268566534 268566550 268566566 268566582 268566598 268632070 268632086 268632102 268632118 268632134  \
  268697606 268697622 268697638 268697654 268697670 285212678 285212694 285212710 285212726 285212742  \
  285278214 285278230 285278246 285278262 285278278 285343750 285343766 285343782 285343798 285343814  \
  285409286 285409302 285409318 285409334 285409350 285474822 285474838 285474854 285474870 285474886  \
  301989894 301989910 301989926 301989942 301989958 302055430 302055446 302055462 302055478 302055494  \
  302120966 302120982 302120998 302121014 302121030 302186502 302186518 302186534 302186550 302186566  \
  302252038 302252054 302252070 302252086 302252102 318767110 318767126 318767142 318767158 318767174  \
  318832646 318832662 318832678 318832694 318832710 318898182 318898198 318898214 318898230 318898246  \
  318963718 318963734 318963750 318963766 318963782 319029254 319029270 319029286 319029302 319029318  \
  335544326 335544342 335544358 335544374 335544390 335609862 335609878 335609894 335609910 335609926  \
  335675398 335675414 335675430 335675446 335675462 335740934 335740950 335740966 335740982 335740998  \
  335806470 335806486 335806502 335806518 335806534 352321542 352321558 352321574 352321590 352321606  \
  352387078 352387094 352387110 352387126 352387142 352452614 352452630 352452646 352452662 352452678  \
  352518150 352518166 352518182 352518198 352518214 352583686 352583702 352583718 352583734 352583750  \
  369098758 369098774 369098790 369098806 369098822 369164294 369164310 369164326 369164342 369164358  \
  369229830 369229846 369229862 369229878 369229894 369295366 369295382 369295398 369295414 369295430  \
  369360902 369360918 369360934 369360950 369360966 385875974 385875990 385876006 385876022 385876038  \
  385941510 385941526 385941542 385941558 385941574 386007046 386007062 386007078 386007094 386007110  \
  386072582 386072598 386072614 386072630 386072646 386138118 386138134 386138150 386138166 386138182  \
  402653190 402653206 402653222 402653238 402653254 402718726 402718742 402718758 402718774 402718790  \
  402784262 402784278 402784294 402784310 402784326 402849798 402849814 402849830 402849846 402849862  \
  402915334 402915350 402915366 402915382 402915398 419430406 419430422 419430438 419430454 419430470  \
  419495942 419495958 419495974 419495990 419496006 419561478 419561494 419561510 419561526 419561542  \
  419627014 419627030 419627046 419627062 419627078 419692550 419692566 419692582 419692598 419692614  \
  436207622 436207638 436207654 436207670 436207686 436273158 436273174 436273190 436273206 436273222  \
  436338694 436338710 436338726 436338742 436338758 436404230 436404246 436404262 436404278 436404294  \
  436469766 436469782 436469798 436469814 436469830 452984838 452984854 452984870 452984886 452984902  \
  453050374 453050390 453050406 453050422 453050438 453115910 453115926 453115942 453115958 453115974  \
  453181446 453181462 453181478 453181494 453181510 453246982 453246998 453247014 453247030 453247046  \
  469762054 469762070 469762086 469762102 469762118 469827590 469827606 469827622 469827638 469827654  \
  469893126 469893142 469893158 469893174 469893190 469958662 469958678 469958694 469958710 469958726  \
  470024198 470024214 470024230 470024246 470024262 486539270 486539286 486539302 486539318 486539334  \
  486604806 486604822 486604838 486604854 486604870 486670342 486670358 486670374 486670390 486670406  \
  486735878 486735894 486735910 486735926 486735942 486801414 486801430 486801446 486801462 486801478  \
  503316486 503316502 503316518 503316534 503316550 503382022 503382038 503382054 503382070 503382086  \
  503447558 503447574 503447590 503447606 503447622 503513094 503513110 503513126 503513142 503513158  \
  503578630 503578646 503578662 503578678 503578694 520093702 520093718 520093734 520093750 520093766  \
  520159238 520159254 520159270 520159286 520159302 520224774 520224790 520224806 520224822 520224838  \
  520290310 520290326 520290342 520290358 520290374 520355846 520355862 520355878 520355894 520355910 
CellXArray:  Double_t \
  57.95 57.95 57.95 57.95 57.95 27.95 27.95 27.95 27.95 27.95  \
  -2.05 -2.05 -2.05 -2.05 -2.05 -32.05 -32.05 -32.05 -32.05 -32.05  \
  -62.05 -62.05 -62.05 -62.05 -62.05 56.95 56.95 56.95 56.95 56.95  \
  26.95 26.95 26.95 26.95 26.95 -3.05 -3.05 -3.05 -3.05 -3.05  \
  -33.05 -33.05 -33.05 -33.05 -33.05 -63.05 -63.05 -63.05 -63.05 -63.05  \
  55.95 55.95 55.95 55.95 55.95 25.95 25.95 25.95 25.95 25.95  \
  -4.05 -4.05 -4.05 -4.05 -4.05 -34.05 -34.05 -34.05 -34.05 -34.05  \
  -64.05 -64.05 -64.05 -64.05 -64.05 54.95 54.95 54.95 54.95 54.95  \
  24.95 24.95 24.95 24.95 24.95 -5.05 -5.05 -5.05 -5.05 -5.05  \
  -35.05 -35.05 -35.05 -35.05 -35.05 -65.05 -65.05 -65.05 -65.05 -65.05  \
  53.95 53.95 53.95 53.95 53.95 23.95 23.95 23.95 23.95 23.95  \
  -6.05 -6.05 -6.05 -6.05 -6.05 -36.05 -36.05 -36.05 -36.05 -36.05  \
  -66.05 -66.05 -66.05 -66.05 -66.05 52.95 52.95 52.95 52.95 52.95  \
  22.95 22.95 22.95 22.95 22.95 -7.05 -7.05 -7.05 -7.05 -7.05  \
  -37.05 -37.05 -37.05 -37.05 -37.05 -67.05 -67.05 -67.05 -67.05 -67.05  \
  51.95 51.95 51.95 51.95 51.95 21.95 21.95 21.95 21.95 21.95  \
  -8.05 -8.05 -8.05 -8.05 -8.05 -38.05 -38.05 -38.05 -38.05 -38.05  \
  -68.05 -68.05 -68.05 -68.05 -68.05 50.95 50.95 50.95 50.95 50.95  \
  20.95 20.95 20.95 20.95 20.95 -9.05 -9.05 -9.05 -9.05 -9.05  \
  -39.05 -39.05 -39.05 -39.05 -39.05 -69.05 -69.05 -69.05 -69.05 -69.05  \
  49.95 49.95 49.95 49.95 49.95 19.95 19.95 19.95 19.95 19.95  \
  -10.05 -10.05 -10.05 -10.05 -10.05 -40.05 -40.05 -40.05 -40.05 -40.05  \
  -70.05 -70.05 -70.05 -70.05 -70.05 48.95 48.95 48.95 48.95 48.95  \
  18.95 18.95 18.95 18.95 18.95 -11.05 -11.05 -11.05 -11.05 -11.05  \
  -41.05 -41.05 -41.05 -41.05 -41.05 -71.05 -71.05 -71.05 -71.05 -71.05  \
  47.95 47.95 47.95 47.95 47.95 17.95 17.95 17.95 17.95 17.95  \
  -12.05 -12.05 -12.05 -12.05 -12.05 -42.05 -42.05 -42.05 -42.05 -42.05  \
  -72.05 -72.05 -72.05 -72.05 -72.05 46.95 46.95 46.95 46.95 46.95  \
  16.95 16.95 16.95 16.95 16.95 -13.05 -13.05 -13.05 -13.05 -13.05  \
  -43.05 -43.05 -43.05 -43.05 -43.05 -73.05 -73.05 -73.05 -73.05 -73.05  \
  45.95 45.95 45.95 45.95 45.95 15.95 15.95 15.95 15.95 15.95  \
  -14.05 -14.05 -14.05 -14.05 -14.05 -44.05 -44.05 -44.05 -44.05 -44.05  \
  -74.05 -74.05 -74.05 -74.05 -74.05 44.95 44.95 44.95 44.95 44.95  \
  14.95 14.95 14.95 14.95 14.95 -15.05 -15.05 -15.05 -15.05 -15.05  \
  -45.05 -45.05 -45.05 -45.05 -45.05 -75.05 -75.05 -75.05 -75.05 -75.05  \
  43.95 43.95 43.95 43.95 43.95 13.95 13.95 13.95 13.95 13.95  \
  -16.05 -16.05 -16.05 -16.05 -16.05 -46.05 -46.05 -46.05 -46.05 -46.05  \
  -76.05 -76.05 -76.05 -76.05 -76.05 42.95 42.95 42.95 42.95 42.95  \
  12.95 12.95 12.95 12.95 12.95 -17.05 -17.05 -17.05 -17.05 -17.05  \
  -47.05 -47.05 -47.05 -47.05 -47.05 -77.05 -77.05 -77.05 -77.05 -77.05  \
  41.95 41.95 41.95 41.95 41.95 11.95 11.95 11.95 11.95 11.95  \
  -18.05 -18.05 -18.05 -18.05 -18.05 -48.05 -48.05 -48.05 -48.05 -48.05  \
  -78.05 -78.05 -78.05 -78.05 -78.05 40.95 40.95 40.95 40.95 40.95  \
  10.95 10.95 10.95 10.95 10.95 -19.05 -19.05 -19.05 -19.05 -19.05  \
  -49.05 -49.05 -49.05 -49.05 -49.05 -79.05 -79.05 -79.05 -79.05 -79.05  \
  39.95 39.95 39.95 39.95 39.95 9.95 9.95 9.95 9.95 9.95  \
  -20.05 -20.05 -20.05 -20.05 -20.05 -50.05 -50.05 -50.05 -50.05 -50.05  \
  -80.05 -80.05 -80.05 -80.05 -80.05 38.95 38.95 38.95 38.95 38.95  \
  8.95 8.95 8.95 8.95 8.95 -21.05 -21.05 -21.05 -21.05 -21.05  \
  -51.05 -51.05 -51.05 -51.05 -51.05 -81.05 -81.05 -81.05 -81.05 -81.05  \
  37.95 37.95 37.95 37.95 37.95 7.95 7.95 7.95 7.95 7.95  \
  -22.05 -22.05 -22.05 -22.05 -22.05 -52.05 -52.05 -52.05 -52.05 -52.05  \
  -82.05 -82.05 -82.05 -82.05 -82.05 36.95 36.95 36.95 36.95 36.95  \
  6.95 6.95 6.95 6.95 6.95 -23.05 -23.05 -23.05 -23.05 -23.05  \
  -53.05 -53.05 -53.05 -53.05 -53.05 -83.05 -83.05 -83.05 -83.05 -83.05  \
  35.95 35.95 35.95 35.95 35.95 5.95 5.95 5.95 5.95 5.95  \
  -24.05 -24.05 -24.05 -24.05 -24.05 -54.05 -54.05 -54.05 -54.05 -54.05  \
  -84.05 -84.05 -84.05 -84.05 -84.05 34.95 34.95 34.95 34.95 34.95  \
  4.95 4.95 4.95 4.95 4.95 -25.05 -25.05 -25.05 -25.05 -25.05  \
  -55.05 -55.05 -55.05 -55.05 -55.05 -85.05 -85.05 -85.05 -85.05 -85.05  \
  33.95 33.95 33.95 33.95 33.95 3.95 3.95 3.95 3.95 3.95  \
  -26.05 -26.05 -26.05 -26.05 -26.05 -56.05 -56.05 -56.05 -56.05 -56.05  \
  -86.05 -86.05 -86.05 -86.05 -86.05 32.95 32.95 32.95 32.95 32.95  \
  2.95 2.95 2.95 2.95 2.95 -27.05 -27.05 -27.05 -27.05 -27.05  \
  -57.05 -57.05 -57.05 -57.05 -57.05 -87.05 -87.05 -87.05 -87.05 -87.05  \
  31.95 31.95 31.95 31.95 31.95 1.95 1.95 1.95 1.95 1.95  \
  -28.05 -28.05 -28.05 -28.05 -28.05 -58.05 -58.05 -58.05 -58.05 -58.05  \
  -88.05 -88.05 -88.05 -88.05 -88.05 30.95 30.95 30.95 30.95 30.95  \
  0.95 0.95 0.95 0.95 0.95 -29.05 -29.05 -29.05 -29.05 -29.05  \
  -59.05 -59.05 -59.05 -59.05 -59.05 -89.05 -89.05 -89.05 -89.05 -89.05  \
  29.95 29.95 29.95 29.95 29.95 -0.05 -0.05 -0.05 -0.05 -0.05  \
  -30.05 -30.05 -30.05 -30.05 -30.05 -60.05 -60.05 -60.05 -60.05 -60.05  \
  -90.05 -90.05 -90.05 -90.05 -90.05 28.95 28.95 28.95 28.95 28.95  \
  -1.05 -1.05 -1.05 -1.05 -1.05 -31.05 -31.05 -31.05 -31.05 -31.05  \
  -61.05 -61.05 -61.05 -61.05 -61.05 -91.05 -91.05 -91.05 -91.05 -91.05  \
  27.95 27.95 27.95 27.95 27.95 -2.05 -2.05 -2.05 -2.05 -2.05  \
  -32.05 -32.05 -32.05 -32.05 -32.05 -62.05 -62.05 -62.05 -62.05 -62.05  \
  -92.05 -92.05 -92.05 -92.05 -92.05 26.95 26.95 26.95 26.95 26.95  \
  -3.05 -3.05 -3.05 -3.05 -3.05 -33.05 -33.05 -33.05 -33.05 -33.05  \
  -63.05 -63.05 -63.05 -63.05 -63.05 -93.05 -93.05 -93.05 -93.05 -93.05 
CellYArray:  Double_t \
  50 -7.09683e-15 -50 25 -25 50 -3.42289e-15 -50 25 -25  \
  50 2.51053e-16 -50 25 -25 50 3.92499e-15 -50 25 -25  \
  50 7.59893e-15 -50 25 -25 50 -6.97436e-15 -50 25 -25  \
  50 -3.30042e-15 -50 25 -25 50 3.73517e-16 -50 25 -25  \
  50 4.04746e-15 -50 25 -25 50 7.7214e-15 -50 25 -25  \
  50 -6.8519e-15 -50 25 -25 50 -3.17796e-15 -50 25 -25  \
  50 4.95982e-16 -50 25 -25 50 4.16992e-15 -50 25 -25  \
  50 7.84386e-15 -50 25 -25 50 -6.72943e-15 -50 25 -25  \
  50 -3.05549e-15 -50 25 -25 50 6.18447e-16 -50 25 -25  \
  50 4.29239e-15 -50 25 -25 50 7.96633e-15 -50 25 -25  \
  50 -6.60697e-15 -50 25 -25 50 -2.93303e-15 -50 25 -25  \
  50 7.40911e-16 -50 25 -25 50 4.41485e-15 -50 25 -25  \
  50 8.08879e-15 -50 25 -25 50 -6.4845e-15 -50 25 -25  \
  50 -2.81056e-15 -50 25 -25 50 8.63376e-16 -50 25 -25  \
  50 4.53732e-15 -50 25 -25 50 8.21126e-15 -50 25 -25  \
  50 -6.36204e-15 -50 25 -25 50 -2.6881e-15 -50 25 -25  \
  50 9.85841e-16 -50 25 -25 50 4.65978e-15 -50 25 -25  \
  50 8.33372e-15 -50 25 -25 50 -6.23958e-15 -50 25 -25  \
  50 -2.56564e-15 -50 25 -25 50 1.10831e-15 -50 25 -25  \
  50 4.78225e-15 -50 25 -25 50 8.45619e-15 -50 25 -25  \
  50 -6.11711e-15 -50 25 -25 50 -2.44317e-15 -50 25 -25  \
  50 1.23077e-15 -50 25 -25 50 4.90471e-15 -50 25 -25  \
  50 8.57865e-15 -50 25 -25 50 -5.99465e-15 -50 25 -25  \
  50 -2.32071e-15 -50 25 -25 50 1.35323e-15 -50 25 -25  \
  50 5.02718e-15 -50 25 -25 50 8.70112e-15 -50 25 -25  \
  50 -5.87218e-15 -50 25 -25 50 -2.19824e-15 -50 25 -25  \
  50 1.4757e-15 -50 25 -25 50 5.14964e-15 -50 25 -25  \
  50 8.82358e-15 -50 25 -25 50 -5.74972e-15 -50 25 -25  \
  50 -2.07578e-15 -50 25 -25 50 1.59816e-15 -50 25 -25  \
  50 5.2721e-15 -50 25 -25 50 8.94605e-15 -50 25 -25  \
  50 -5.62725e-15 -50 25 -25 50 -1.95331e-15 -50 25 -25  \
  50 1.72063e-15 -50 25 -25 50 5.39457e-15 -50 25 -25  \
  50 9.06851e-15 -50 25 -25 50 -5.50479e-15 -50 25 -25  \
  50 -1.83085e-15 -50 25 -25 50 1.84309e-15 -50 25 -25  \
  50 5.51703e-15 -50 25 -25 50 9.19097e-15 -50 25 -25  \
  50 -5.38232e-15 -50 25 -25 50 -1.70838e-15 -50 25 -25  \
  50 1.96556e-15 -50 25 -25 50 5.6395e-15 -50 25 -25  \
  50 9.31344e-15 -50 25 -25 50 -5.25986e-15 -50 25 -25  \
  50 -1.58592e-15 -50 25 -25 50 2.08802e-15 -50 25 -25  \
  50 5.76196e-15 -50 25 -25 50 9.4359e-15 -50 25 -25  \
  50 -5.13739e-15 -50 25 -25 50 -1.46345e-15 -50 25 -25  \
  50 2.21049e-15 -50 25 -25 50 5.88443e-15 -50 25 -25  \
  50 9.55837e-15 -50 25 -25 50 -5.01493e-15 -50 25 -25  \
  50 -1.34099e-15 -50 25 -25 50 2.33295e-15 -50 25 -25  \
  50 6.00689e-15 -50 25 -25 50 9.68083e-15 -50 25 -25  \
  50 -4.89246e-15 -50 25 -25 50 -1.21852e-15 -50 25 -25  \
  50 2.45542e-15 -50 25 -25 50 6.12936e-15 -50 25 -25  \
  50 9.8033e-15 -50 25 -25 50 -4.77e-15 -50 25 -25  \
  50 -1.09606e-15 -50 25 -25 50 2.57788e-15 -50 25 -25  \
  50 6.25182e-15 -50 25 -25 50 9.92576e-15 -50 25 -25  \
  50 -4.64753e-15 -50 25 -25 50 -9.73594e-16 -50 25 -25  \
  50 2.70035e-15 -50 25 -25 50 6.37429e-15 -50 25 -25  \
  50 1.00482e-14 -50 25 -25 50 -4.52507e-15 -50 25 -25  \
  50 -8.5113e-16 -50 25 -25 50 2.82281e-15 -50 25 -25  \
  50 6.49675e-15 -50 25 -25 50 1.01707e-14 -50 25 -25  \
  50 -4.40261e-15 -50 25 -25 50 -7.28665e-16 -50 25 -25  \
  50 2.94528e-15 -50 25 -25 50 6.61922e-15 -50 25 -25  \
  50 1.02932e-14 -50 25 -25 50 -4.28014e-15 -50 25 -25  \
  50 -6.062e-16 -50 25 -25 50 3.06774e-15 -50 25 -25  \
  50 6.74168e-15 -50 25 -25 50 1.04156e-14 -50 25 -25  \
  50 -4.15768e-15 -50 25 -25 50 -4.83735e-16 -50 25 -25  \
  50 3.1902e-15 -50 25 -25 50 6.86415e-15 -50 25 -25  \
  50 1.05381e-14 -50 25 -25 50 -4.03521e-15 -50 25 -25  \
  50 -3.61271e-16 -50 25 -25 50 3.31267e-15 -50 25 -25  \
  50 6.98661e-15 -50 25 -25 50 1.06605e-14 -50 25 -25  \
  50 -3.91275e-15 -50 25 -25 50 -2.38806e-16 -50 25 -25  \
  50 3.43513e-15 -50 25 -25 50 7.10907e-15 -50 25 -25  \
  50 1.0783e-14 -50 25 -25 50 -3.79028e-15 -50 25 -25  \
  50 -1.16341e-16 -50 25 -25 50 3.5576e-15 -50 25 -25  \
  50 7.23154e-15 -50 25 -25 50 1.09055e-14 -50 25 -25  \
  50 -3.66782e-15 -50 25 -25 50 6.12324e-18 -50 25 -25  \
  50 3.68006e-15 -50 25 -25 50 7.354e-15 -50 25 -25  \
  50 1.10279e-14 -50 25 -25 50 -3.54535e-15 -50 25 -25  \
  50 1.28588e-16 -50 25 -25 50 3.80253e-15 -50 25 -25  \
  50 7.47647e-15 -50 25 -25 50 1.11504e-14 -50 25 -25  \
  50 -3.42289e-15 -50 25 -25 50 2.51053e-16 -50 25 -25  \
  50 3.92499e-15 -50 25 -25 50 7.59893e-15 -50 25 -25  \
  50 1.12729e-14 -50 25 -25 50 -3.30042e-15 -50 25 -25  \
  50 3.73517e-16 -50 25 -25 50 4.04746e-15 -50 25 -25  \
  50 7.7214e-15 -50 25 -25 50 1.13953e-14 -50 25 -25 
CellZArray:  Double_t \
  226 226 226 236 236 231 231 231 241 241  \
  226 226 226 236 236 231 231 231 241 241  \
  226 226 226 236 236 226 226 226 236 236  \
  231 231 231 241 241 226 226 226 236 236  \
  231 231 231 241 241 226 226 226 236 236  \
  226 226 226 236 236 231 231 231 241 241  \
  226 226 226 236 236 231 231 231 241 241  \
  226 226 226 236 236 226 226 226 236 236  \
  231 231 231 241 241 226 226 226 236 236  \
  231 231 231 241 241 226 226 226 236 236  \
  226 226 226 236 236 231 231 231 241 241  \
  226 226 226 236 236 231 231 231 241 241  \
  226 226 226 236 236 226 226 226 236 236  \
  231 231 231 241 241 226 226 226 236 236  \
  231 231 231 241 241 226 226 226 236 236  \
  226 226 226 236 236 231 231 231 241 241  \
  226 226 226 236 236 231 231 231 241 241  \
  226 226 226 236 236 226 226 226 236 236  \
  231 231 231 241 241 226 226 226 236 236  \
  231 231 231 241 241 226 226 226 236 236  \
  226 226 226 236 236 231 231 231 241 241  \
  226 226 226 236 236 231 231 231 241 241  \
  226 226 226 236 236 226 226 226 236 236  \
  231 231 231 241 241 226 226 226 236 236  \
  231 231 231 241 241 226 226 226 236 236  \
  226 226 226 236 236 231 231 231 241 241  \
  226 226 226 236 236 231 231 231 241 241  \
  226 226 226 236 236 226 226 226 236 236  \
  231 231 231 241 241 226 226 226 236 236  \
  231 231 231 241 241 226 226 226 236 236  \
  226 226 226 236 236 231 231 231 241 241  \
  226 226 226 236 236 231 231 231 241 241  \
  226 226 226 236 236 226 226 226 236 236  \
  231 231 231 241 241 226 226 226 236 236  \
  231 231 231 241 241 226 226 226 236 236  \
  226 226 226 236 236 231 231 231 241 241  \
  226 226 226 236 236 231 231 231 241 241  \
  226 226 226 236 236 226 226 226 236 236  \
  231 231 231 241 241 226 226 226 236 236  \
  231 231 231 241 241 226 226 226 236 236  \
  226 226 226 236 236 231 231 231 241 241  \
  226 226 226 236 236 231 231 231 241 241  \
  226 226 226 236 236 226 226 226 236 236  \
  231 231 231 241 241 226 226 226 236 236  \
  231 231 231 241 241 226 226 226 236 236  \
  226 226 226 236 236 231 231 231 241 241  \
  226 226 226 236 236 231 231 231 241 241  \
  226 226 226 236 236 226 226 226 236 236  \
  231 231 231 241 241 226 226 226 236 236  \
  231 231 231 241 241 226 226 226 236 236  \
  226 226 226 236 236 231 231 231 241 241  \
  226 226 226 236 236 231 231 231 241 241  \
  226 226 226 236 236 226 226 226 236 236  \
  231 231 231 241 241 226 226 226 236 236  \
  231 231 231 241 241 226 226 226 236 236  \
  226 226 226 236 236 231 231 231 241 241  \
  226 226 226 236 236 231 231 231 241 241  \
  226 226 226 236 236 226 226 226 236 236  \
  231 231 231 241 241 226 226 226 236 236  \
  231 231 231 241 241 226 226 226 236 236  \
  226 226 226 236 236 231 231 231 241 241  \
  226 226 226 236 236 231 231 231 241 241  \
  226 226 226 236 236 226 226 226 236 236  \
  231 231 231 241 241 226 226 226 236 236  \
  231 231 231 241 241 226 226 226 236 236  \
  226 226 226 236 236 231 231 231 241 241  \
  226 226 226 236 236 231 231 231 241 241  \
  226 226 226 236 236 226 226 226 236 236  \
  231 231 231 241 241 226 226 226 236 236  \
  231 231 231 241 241 226 226 226 236 236  \
  226 226 226 236 236 231 231 231 241 241  \
  226 226 226 236 236 231 231 231 241 241  \
  226 226 226 236 236 226 226 226 236 236  \
  231 231 231 241 241 226 226 226 236 236  \
  231 231 231 241 241 226 226 226 236 236  \
  226 226 226 236 236 231 231 231 241 241  \
  226 226 226 236 236 231 231 231 241 241  \
  226 226 226 236 236 226 226 226 236 236  \
  231 231 231 241 241 226 226 226 236 236  \
  231 231 231 241 241 226 226 226 236 236 
CellDxArray:  Double_t \
  1 1 1 1 1 1 1 1 1 1  \
  1 1 1 1 1 1 1 1 1 1  \
  1 1 1 1 1 1 1 1 1 1  \
  1 1 1 1 1 1 1 1 1 1  \
  1 1 1 1 1 1 1 1 1 1  \
  1 1 1 1 1 1 1 1 1 1  \
  1 1 1 1 1 1 1 1 1 1  \
  1 1 1 1 1 1 1 1 1 1  \
  1 1 1 1 1 1 1 1 1 1  \
  1 1 1 1 1 1 1 1 1 1  \
  1 1 1 1 1 1 1 1 1 1  \
  1 1 1 1 1 1 1 1 1 1  \
  1 1 1 1 1 1 1 1 1 1  \
  1 1 1 1 1 1 1 1 1 1  \
  1 1 1 1 1 1 1 1 1 1  \
  1 1 1 1 1 1 1 1 1 1  \
  1 1 1 1 1 1 1 1 1 1  \
  1 1 1 1 1 1 1 1 1 1  \
  1 1 1 1 1 1 1 1 1 1  \
  1 1 1 1 1 1 1 1 1 1  \
  1 1 1 1 1 1 1 1 1 1  \
  1 1 1 1 1 1 1 1 1 1  \
  1 1 1 1 1 1 1 1 1 1  \
  1 1 1 1 1 1 1 1 1 1  \
  1 1 1 1 1 1 1 1 1 1  \
  1 1 1 1 1 1 1 1 1 1  \
  1 1 1 1 1 1 1 1 1 1  \
  1 1 1 1 1 1 1 1 1 1  \
  1 1 1 1 1 1 1 1 1 1  \
  1 1 1 1 1 1 1 1 1 1  \
  1 1 1 1 1 1 1 1 1 1  \
  1 1 1 1 1 1 1 1 1 1  \
  1 1 1 1 1 1 1 1 1 1  \
  1 1 1 1 1 1 1 1 1 1  \
  1 1 1 1 1 1 1 1 1 1  \
  1 1 1 1 1 1 1 1 1 1  \
  1 1 1 1 1 1 1 1 1 1  \
  1 1 1 1 1 1 1 1 1 1  \
  1 1 1 1 1 1 1 1 1 1  \
  1 1 1 1 1 1 1 1 1 1  \
  1 1 1 1 1 1 1 1 1 1  \
  1 1 1 1 1 1 1 1 1 1  \
  1 1 1 1 1 1 1 1 1 1  \
  1 1 1 1 1 1 1 1 1 1  \
  1 1 1 1 1 1 1 1 1 1  \
  1 1 1 1 1 1 1 1 1 1  \
  1 1 1 1 1 1 1 1 1 1  \
  1 1 1 1 1 1 1 1 1 1  \
  1 1 1 1 1 1 1 1 1 1  \
  1 1 1 1 1 1 1 1 1 1  \
  1 1 1 1 1 1 1 1 1 1  \
  1 1 1 1 1 1 1 1 1 1  \
  1 1 1 1 1 1 1 1 1 1  \
  1 1 1 1 1 1 1 1 1 1  \
  1 1 1 1 1 1 1 1 1 1  \
  1 1 1 1 1 1 1 1 1 1  \
  1 1 1 1 1 1 1 1 1 1  \
  1 1 1 1 1 1 1 1 1 1  \
  1 1 1 1 1 1 1 1 1 1  \
  1 1 1 1 1 1 1 1 1 1  \
  1 1 1 1 1 1 1 1 1 1  \
  1 1 1 1 1 1 1 1 1 1  \
  1 1 1 1 1 1 1 1 1 1  \
  1 1 1 1 1 1 1 1 1 1  \
  1 1 1 1 1 1 1 1 1 1  \
  1 1 1 1 1 1 1 1 1 1  \
  1 1 1 1 1 1 1 1 1 1  \
  1 1 1 1 1 1 1 1 1 1  \
  1 1 1 1 1 1 1 1 1 1  \
  1 1 1 1 1 1 1 1 1 1  \
  1 1 1 1 1 1 1 1 1 1  \
  1 1 1 1 1 1 1 1 1 1  \
  1 1 1 1 1 1 1 1 1 1  \
  1 1 1 1 1 1 1 1 1 1  \
  1 1 1 1 1 1 1 1 1 1  \
  1 1 1 1 1 1 1 1 1 1  \
  1 1 1 1 1 1 1 1 1 1  \
  1 1 1 1 1 1 1 1 1 1  \
  1 1 1 1 1 1 1 1 1 1  \
  1 1 1 1 1 1 1 1 1 1 
CellDyArray:  Double_t \
  26.9 26.9 26.9 26.9 26.9 26.9 26.9 26.9 26.9 26.9  \
  26.9 26.9 26.9 26.9 26.9 26.9 26.9 26.9 26.9 26.9  \
  26.9 26.9 26.9 26.9 26.9 26.9 26.9 26.9 26.9 26.9  \
  26.9 26.9 26.9 26.9 26.9 26.9 26.9 26.9 26.9 26.9  \
  26.9 26.9 26.9 26.9 26.9 26.9 26.9 26.9 26.9 26.9  \
  26.9 26.9 26.9 26.9 26.9 26.9 26.9 26.9 26.9 26.9  \
  26.9 26.9 26.9 26.9 26.9 26.9 26.9 26.9 26.9 26.9  \
  26.9 26.9 26.9 26.9 26.9 26.9 26.9 26.9 26.9 26.9  \
  26.9 26.9 26.9 26.9 26.9 26.9 26.9 26.9 26.9 26.9  \
  26.9 26.9 26.9 26.9 26.9 26.9 26.9 26.9 26.9 26.9  \
  26.9 26.9 26.9 26.9 26.9 26.9 26.9 26.9 26.9 26.9  \
  26.9 26.9 26.9 26.9 26.9 26.9 26.9 26.9 26.9 26.9  \
  26.9 26.9 26.9 26.9 26.9 26.9 26.9 26.9 26.9 26.9  \
  26.9 26.9 26.9 26.9 26.9 26.9 26.9 26.9 26.9 26.9  \
  26.9 26.9 26.9 26.9 26.9 26.9 26.9 26.9 26.9 26.9  \
  26.9 26.9 26.9 26.9 26.9 26.9 26.9 26.9 26.9 26.9  \
  26.9 26.9 26.9 26.9 26.9 26.9 26.9 26.9 26.9 26.9  \
  26.9 26.9 26.9 26.9 26.9 26.9 26.9 26.9 26.9 26.9  \
  26.9 26.9 26.9 26.9 26.9 26.9 26.9 26.9 26.9 26.9  \
  26.9 26.9 26.9 26.9 26.9 26.9 26.9 26.9 26.9 26.9  \
  26.9 26.9 26.9 26.9 26.9 26.9 26.9 26.9 26.9 26.9  \
  26.9 26.9 26.9 26.9 26.9 26.9 26.9 26.9 26.9 26.9  \
  26.9 26.9 26.9 26.9 26.9 26.9 26.9 26.9 26.9 26.9  \
  26.9 26.9 26.9 26.9 26.9 26.9 26.9 26.9 26.9 26.9  \
  26.9 26.9 26.9 26.9 26.9 26.9 26.9 26.9 26.9 26.9  \
  26.9 26.9 26.9 26.9 26.9 26.9 26.9 26.9 26.9 26.9  \
  26.9 26.9 26.9 26.9 26.9 26.9 26.9 26.9 26.9 26.9  \
  26.9 26.9 26.9 26.9 26.9 26.9 26.9 26.9 26.9 26.9  \
  26.9 26.9 26.9 26.9 26.9 26.9 26.9 26.9 26.9 26.9  \
  26.9 26.9 26.9 26.9 26.9 26.9 26.9 26.9 26.9 26.9  \
  26.9 26.9 26.9 26.9 26.9 26.9 26.9 26.9 26.9 26.9  \
  26.9 26.9 26.9 26.9 26.9 26.9 26.9 26.9 26.9 26.9  \
  26.9 26.9 26.9 26.9 26.9 26.9 26.9 26.9 26.9 26.9  \
  26.9 26.9 26.9 26.9 26.9 26.9 26.9 26.9 26.9 26.9  \
  26.9 26.9 26.9 26.9 26.9 26.9 26.9 26.9 26.9 26.9  \
  26.9 26.9 26.9 26.9 26.9 26.9 26.9 26.9 26.9 26.9  \
  26.9 26.9 26.9 26.9 26.9 26.9 26.9 26.9 26.9 26.9  \
  26.9 26.9 26.9 26.9 26.9 26.9 26.9 26.9 26.9 26.9  \
  26.9 26.9 26.9 26.9 26.9 26.9 26.9 26.9 26.9 26.9  \
  26.9 26.9 26.9 26.9 26.9 26.9 26.9 26.9 26.9 26.9  \
  26.9 26.9 26.9 26.9 26.9 26.9 26.9 26.9 26.9 26.9  \
  26.9 26.9 26.9 26.9 26.9 26.9 26.9 26.9 26.9 26.9  \
  26.9 26.9 26.9 26.9 26.9 26.9 26.9 26.9 26.9 26.9  \
  26.9 26.9 26.9 26.9 26.9 26.9 26.9 26.9 26.9 26.9  \
  26.9 26.9 26.9 26.9 26.9 26.9 26.9 26.9 26.9 26.9  \
  26.9 26.9 26.9 26.9 26.9 26.9 26.9 26.9 26.9 26.9  \
  26.9 26.9 26.9 26.9 26.9 26.9 26.9 26.9 26.9 26.9  \
  26.9 26.9 26.9 26.9 26.9 26.9 26.9 26.9 26.9 26.9  \
  26.9 26.9 26.9 26.9 26.9 26.9 26.9 26.9 26.9 26.9  \
  26.9 26.9 26.9 26.9 26.9 26.9 26.9 26.9 26.9 26.9  \
  26.9 26.9 26.9 26.9 26.9 26.9 26.9 26.9 26.9 26.9  \
  26.9 26.9 26.9 26.9 26.9 26.9 26.9 26.9 26.9 26.9  \
  26.9 26.9 26.9 26.9 26.9 26.9 26.9 26.9 26.9 26.9  \
  26.9 26.9 26.9 26.9 26.9 26.9 26.9 26.9 26.9 26.9  \
  26.9 26.9 26.9 26.9 26.9 26.9 26.9 26.9 26.9 26.9  \
  26.9 26.9 26.9 26.9 26.9 26.9 26.9 26.9 26.9 26.9  \
  26.9 26.9 26.9 26.9 26.9 26.9 26.9 26.9 26.9 26.9  \
  26.9 26.9 26.9 26.9 26.9 26.9 26.9 26.9 26.9 26.9  \
  26.9 26.9 26.9 26.9 26.9 26.9 26.9 26.9 26.9 26.9  \
  26.9 26.9 26.9 26.9 26.9 26.9 26.9 26.9 26.9 26.9  \
  26.9 26.9 26.9 26.9 26.9 26.9 26.9 26.9 26.9 26.9  \
  26.9 26.9 26.9 26.9 26.9 26.9 26.9 26.9 26.9 26.9  \
  26.9 26.9 26.9 26.9 26.9 26.9 26.9 26.9 26.9 26.9  \
  26.9 26.9 26.9 26.9 26.9 26.9 26.9 26.9 26.9 26.9  \
  26.9 26.9 26.9 26.9 26.9 26.9 26.9 26.9 26.9 26.9  \
  26.9 26.9 26.9 26.9 26.9 26.9 26.9 26.9 26.9 26.9  \
  26.9 26.9 26.9 26.9 26.9 26.9 26.9 26.9 26.9 26.9  \
  26.9 26.9 26.9 26.9 26.9 26.9 26.9 26.9 26.9 26.9  \
  26.9 26.9 26.9 26.9 26.9 26.9 26.9 26.9 26.9 26.9  \
  26.9 26.9 26.9 26.9 26.9 26.9 26.9 26.9 26.9 26.9  \
  26.9 26.9 26.9 26.9 26.9 26.9 26.9 26.9 26.9 26.9  \
  26.9 26.9 26.9 26.9 26.9 26.9 26.9 26.9 26.9 26.9  \
  26.9 26.9 26.9 26.9 26.9 26.9 26.9 26.9 26.9 26.9  \
  26.9 26.9 26.9 26.9 26.9 26.9 26.9 26.9 26.9 26.9  \
  26.9 26.9 26.9 26.9 26.9 26.9 26.9 26.9 26.9 26.9  \
  26.9 26.9 26.9 26.9 26.9 26.9 26.9 26.9 26.9 26.9  \
  26.9 26.9 26.9 26.9 26.9 26.9 26.9 26.9 26.9 26.9  \
  26.9 26.9 26.9 26.9 26.9 26.9 26.9 26.9 26.9 26.9  \
  26.9 26.9 26.9 26.9 26.9 26.9 26.9 26.9 26.9 26.9  \
  26.9 26.9 26.9 26.9 26.9 26.9 26.9 26.9 26.9 26.9 
