##############################################################################
# Class:   CbmTofDigiPar
# Context: TestDefaultContext
##############################################################################
[CbmTofDigiPar]
//----------------------------------------------------------------------------
NrOfCells:  Int_t  800 
CellIdArray:  Int_t \
  6 22 38 54 70 65542 65558 65574 65590 65606  \
  131078 131094 131110 131126 131142 196614 196630 196646 196662 196678  \
  262150 262166 262182 262198 262214 16777222 16777238 16777254 16777270 16777286  \
  16842758 16842774 16842790 16842806 16842822 16908294 16908310 16908326 16908342 16908358  \
  16973830 16973846 16973862 16973878 16973894 17039366 17039382 17039398 17039414 17039430  \
  33554438 33554454 33554470 33554486 33554502 33619974 33619990 33620006 33620022 33620038  \
  33685510 33685526 33685542 33685558 33685574 33751046 33751062 33751078 33751094 33751110  \
  33816582 33816598 33816614 33816630 33816646 50331654 50331670 50331686 50331702 50331718  \
  50397190 50397206 50397222 50397238 50397254 50462726 50462742 50462758 50462774 50462790  \
  50528262 50528278 50528294 50528310 50528326 50593798 50593814 50593830 50593846 50593862  \
  67108870 67108886 67108902 67108918 67108934 67174406 67174422 67174438 67174454 67174470  \
  67239942 67239958 67239974 67239990 67240006 67305478 67305494 67305510 67305526 67305542  \
  67371014 67371030 67371046 67371062 67371078 83886086 83886102 83886118 83886134 83886150  \
  83951622 83951638 83951654 83951670 83951686 84017158 84017174 84017190 84017206 84017222  \
  84082694 84082710 84082726 84082742 84082758 84148230 84148246 84148262 84148278 84148294  \
  100663302 100663318 100663334 100663350 100663366 100728838 100728854 100728870 100728886 100728902  \
  100794374 100794390 100794406 100794422 100794438 100859910 100859926 100859942 100859958 100859974  \
  100925446 100925462 100925478 100925494 100925510 117440518 117440534 117440550 117440566 117440582  \
  117506054 117506070 117506086 117506102 117506118 117571590 117571606 117571622 117571638 117571654  \
  117637126 117637142 117637158 117637174 117637190 117702662 117702678 117702694 117702710 117702726  \
  134217734 134217750 134217766 134217782 134217798 134283270 134283286 134283302 134283318 134283334  \
  134348806 134348822 134348838 134348854 134348870 134414342 134414358 134414374 134414390 134414406  \
  134479878 134479894 134479910 134479926 134479942 150994950 150994966 150994982 150994998 150995014  \
  151060486 151060502 151060518 151060534 151060550 151126022 151126038 151126054 151126070 151126086  \
  151191558 151191574 151191590 151191606 151191622 151257094 151257110 151257126 151257142 151257158  \
  167772166 167772182 167772198 167772214 167772230 167837702 167837718 167837734 167837750 167837766  \
  167903238 167903254 167903270 167903286 167903302 167968774 167968790 167968806 167968822 167968838  \
  168034310 168034326 168034342 168034358 168034374 184549382 184549398 184549414 184549430 184549446  \
  184614918 184614934 184614950 184614966 184614982 184680454 184680470 184680486 184680502 184680518  \
  184745990 184746006 184746022 184746038 184746054 184811526 184811542 184811558 184811574 184811590  \
  201326598 201326614 201326630 201326646 201326662 201392134 201392150 201392166 201392182 201392198  \
  201457670 201457686 201457702 201457718 201457734 201523206 201523222 201523238 201523254 201523270  \
  201588742 201588758 201588774 201588790 201588806 218103814 218103830 218103846 218103862 218103878  \
  218169350 218169366 218169382 218169398 218169414 218234886 218234902 218234918 218234934 218234950  \
  218300422 218300438 218300454 218300470 218300486 218365958 218365974 218365990 218366006 218366022  \
  234881030 234881046 234881062 234881078 234881094 234946566 234946582 234946598 234946614 234946630  \
  235012102 235012118 235012134 235012150 235012166 235077638 235077654 235077670 235077686 235077702  \
  235143174 235143190 235143206 235143222 235143238 251658246 251658262 251658278 251658294 251658310  \
  251723782 251723798 251723814 251723830 251723846 251789318 251789334 251789350 251789366 251789382  \
  251854854 251854870 251854886 251854902 251854918 251920390 251920406 251920422 251920438 251920454  \
  268435462 268435478 268435494 268435510 268435526 268500998 268501014 268501030 268501046 268501062  \
  268566534 268566550 268566566 268566582 268566598 268632070 268632086 268632102 268632118 268632134  \
  268697606 268697622 268697638 268697654 268697670 285212678 285212694 285212710 285212726 285212742  \
  285278214 285278230 285278246 285278262 285278278 285343750 285343766 285343782 285343798 285343814  \
  285409286 285409302 285409318 285409334 285409350 285474822 285474838 285474854 285474870 285474886  \
  301989894 301989910 301989926 301989942 301989958 302055430 302055446 302055462 302055478 302055494  \
  302120966 302120982 302120998 302121014 302121030 302186502 302186518 302186534 302186550 302186566  \
  302252038 302252054 302252070 302252086 302252102 318767110 318767126 318767142 318767158 318767174  \
  318832646 318832662 318832678 318832694 318832710 318898182 318898198 318898214 318898230 318898246  \
  318963718 318963734 318963750 318963766 318963782 319029254 319029270 319029286 319029302 319029318  \
  335544326 335544342 335544358 335544374 335544390 335609862 335609878 335609894 335609910 335609926  \
  335675398 335675414 335675430 335675446 335675462 335740934 335740950 335740966 335740982 335740998  \
  335806470 335806486 335806502 335806518 335806534 352321542 352321558 352321574 352321590 352321606  \
  352387078 352387094 352387110 352387126 352387142 352452614 352452630 352452646 352452662 352452678  \
  352518150 352518166 352518182 352518198 352518214 352583686 352583702 352583718 352583734 352583750  \
  369098758 369098774 369098790 369098806 369098822 369164294 369164310 369164326 369164342 369164358  \
  369229830 369229846 369229862 369229878 369229894 369295366 369295382 369295398 369295414 369295430  \
  369360902 369360918 369360934 369360950 369360966 385875974 385875990 385876006 385876022 385876038  \
  385941510 385941526 385941542 385941558 385941574 386007046 386007062 386007078 386007094 386007110  \
  386072582 386072598 386072614 386072630 386072646 386138118 386138134 386138150 386138166 386138182  \
  402653190 402653206 402653222 402653238 402653254 402718726 402718742 402718758 402718774 402718790  \
  402784262 402784278 402784294 402784310 402784326 402849798 402849814 402849830 402849846 402849862  \
  402915334 402915350 402915366 402915382 402915398 419430406 419430422 419430438 419430454 419430470  \
  419495942 419495958 419495974 419495990 419496006 419561478 419561494 419561510 419561526 419561542  \
  419627014 419627030 419627046 419627062 419627078 419692550 419692566 419692582 419692598 419692614  \
  436207622 436207638 436207654 436207670 436207686 436273158 436273174 436273190 436273206 436273222  \
  436338694 436338710 436338726 436338742 436338758 436404230 436404246 436404262 436404278 436404294  \
  436469766 436469782 436469798 436469814 436469830 452984838 452984854 452984870 452984886 452984902  \
  453050374 453050390 453050406 453050422 453050438 453115910 453115926 453115942 453115958 453115974  \
  453181446 453181462 453181478 453181494 453181510 453246982 453246998 453247014 453247030 453247046  \
  469762054 469762070 469762086 469762102 469762118 469827590 469827606 469827622 469827638 469827654  \
  469893126 469893142 469893158 469893174 469893190 469958662 469958678 469958694 469958710 469958726  \
  470024198 470024214 470024230 470024246 470024262 486539270 486539286 486539302 486539318 486539334  \
  486604806 486604822 486604838 486604854 486604870 486670342 486670358 486670374 486670390 486670406  \
  486735878 486735894 486735910 486735926 486735942 486801414 486801430 486801446 486801462 486801478  \
  503316486 503316502 503316518 503316534 503316550 503382022 503382038 503382054 503382070 503382086  \
  503447558 503447574 503447590 503447606 503447622 503513094 503513110 503513126 503513142 503513158  \
  503578630 503578646 503578662 503578678 503578694 520093702 520093718 520093734 520093750 520093766  \
  520159238 520159254 520159270 520159286 520159302 520224774 520224790 520224806 520224822 520224838  \
  520290310 520290326 520290342 520290358 520290374 520355846 520355862 520355878 520355894 520355910 
CellXArray:  Double_t \
  59.5 59.5 59.5 59.5 59.5 29.5 29.5 29.5 29.5 29.5  \
  -0.5 -0.5 -0.5 -0.5 -0.5 -30.5 -30.5 -30.5 -30.5 -30.5  \
  -60.5 -60.5 -60.5 -60.5 -60.5 58.5 58.5 58.5 58.5 58.5  \
  28.5 28.5 28.5 28.5 28.5 -1.5 -1.5 -1.5 -1.5 -1.5  \
  -31.5 -31.5 -31.5 -31.5 -31.5 -61.5 -61.5 -61.5 -61.5 -61.5  \
  57.5 57.5 57.5 57.5 57.5 27.5 27.5 27.5 27.5 27.5  \
  -2.5 -2.5 -2.5 -2.5 -2.5 -32.5 -32.5 -32.5 -32.5 -32.5  \
  -62.5 -62.5 -62.5 -62.5 -62.5 56.5 56.5 56.5 56.5 56.5  \
  26.5 26.5 26.5 26.5 26.5 -3.5 -3.5 -3.5 -3.5 -3.5  \
  -33.5 -33.5 -33.5 -33.5 -33.5 -63.5 -63.5 -63.5 -63.5 -63.5  \
  55.5 55.5 55.5 55.5 55.5 25.5 25.5 25.5 25.5 25.5  \
  -4.5 -4.5 -4.5 -4.5 -4.5 -34.5 -34.5 -34.5 -34.5 -34.5  \
  -64.5 -64.5 -64.5 -64.5 -64.5 54.5 54.5 54.5 54.5 54.5  \
  24.5 24.5 24.5 24.5 24.5 -5.5 -5.5 -5.5 -5.5 -5.5  \
  -35.5 -35.5 -35.5 -35.5 -35.5 -65.5 -65.5 -65.5 -65.5 -65.5  \
  53.5 53.5 53.5 53.5 53.5 23.5 23.5 23.5 23.5 23.5  \
  -6.5 -6.5 -6.5 -6.5 -6.5 -36.5 -36.5 -36.5 -36.5 -36.5  \
  -66.5 -66.5 -66.5 -66.5 -66.5 52.5 52.5 52.5 52.5 52.5  \
  22.5 22.5 22.5 22.5 22.5 -7.5 -7.5 -7.5 -7.5 -7.5  \
  -37.5 -37.5 -37.5 -37.5 -37.5 -67.5 -67.5 -67.5 -67.5 -67.5  \
  51.5 51.5 51.5 51.5 51.5 21.5 21.5 21.5 21.5 21.5  \
  -8.5 -8.5 -8.5 -8.5 -8.5 -38.5 -38.5 -38.5 -38.5 -38.5  \
  -68.5 -68.5 -68.5 -68.5 -68.5 50.5 50.5 50.5 50.5 50.5  \
  20.5 20.5 20.5 20.5 20.5 -9.5 -9.5 -9.5 -9.5 -9.5  \
  -39.5 -39.5 -39.5 -39.5 -39.5 -69.5 -69.5 -69.5 -69.5 -69.5  \
  49.5 49.5 49.5 49.5 49.5 19.5 19.5 19.5 19.5 19.5  \
  -10.5 -10.5 -10.5 -10.5 -10.5 -40.5 -40.5 -40.5 -40.5 -40.5  \
  -70.5 -70.5 -70.5 -70.5 -70.5 48.5 48.5 48.5 48.5 48.5  \
  18.5 18.5 18.5 18.5 18.5 -11.5 -11.5 -11.5 -11.5 -11.5  \
  -41.5 -41.5 -41.5 -41.5 -41.5 -71.5 -71.5 -71.5 -71.5 -71.5  \
  47.5 47.5 47.5 47.5 47.5 17.5 17.5 17.5 17.5 17.5  \
  -12.5 -12.5 -12.5 -12.5 -12.5 -42.5 -42.5 -42.5 -42.5 -42.5  \
  -72.5 -72.5 -72.5 -72.5 -72.5 46.5 46.5 46.5 46.5 46.5  \
  16.5 16.5 16.5 16.5 16.5 -13.5 -13.5 -13.5 -13.5 -13.5  \
  -43.5 -43.5 -43.5 -43.5 -43.5 -73.5 -73.5 -73.5 -73.5 -73.5  \
  45.5 45.5 45.5 45.5 45.5 15.5 15.5 15.5 15.5 15.5  \
  -14.5 -14.5 -14.5 -14.5 -14.5 -44.5 -44.5 -44.5 -44.5 -44.5  \
  -74.5 -74.5 -74.5 -74.5 -74.5 44.5 44.5 44.5 44.5 44.5  \
  14.5 14.5 14.5 14.5 14.5 -15.5 -15.5 -15.5 -15.5 -15.5  \
  -45.5 -45.5 -45.5 -45.5 -45.5 -75.5 -75.5 -75.5 -75.5 -75.5  \
  43.5 43.5 43.5 43.5 43.5 13.5 13.5 13.5 13.5 13.5  \
  -16.5 -16.5 -16.5 -16.5 -16.5 -46.5 -46.5 -46.5 -46.5 -46.5  \
  -76.5 -76.5 -76.5 -76.5 -76.5 42.5 42.5 42.5 42.5 42.5  \
  12.5 12.5 12.5 12.5 12.5 -17.5 -17.5 -17.5 -17.5 -17.5  \
  -47.5 -47.5 -47.5 -47.5 -47.5 -77.5 -77.5 -77.5 -77.5 -77.5  \
  41.5 41.5 41.5 41.5 41.5 11.5 11.5 11.5 11.5 11.5  \
  -18.5 -18.5 -18.5 -18.5 -18.5 -48.5 -48.5 -48.5 -48.5 -48.5  \
  -78.5 -78.5 -78.5 -78.5 -78.5 40.5 40.5 40.5 40.5 40.5  \
  10.5 10.5 10.5 10.5 10.5 -19.5 -19.5 -19.5 -19.5 -19.5  \
  -49.5 -49.5 -49.5 -49.5 -49.5 -79.5 -79.5 -79.5 -79.5 -79.5  \
  39.5 39.5 39.5 39.5 39.5 9.5 9.5 9.5 9.5 9.5  \
  -20.5 -20.5 -20.5 -20.5 -20.5 -50.5 -50.5 -50.5 -50.5 -50.5  \
  -80.5 -80.5 -80.5 -80.5 -80.5 38.5 38.5 38.5 38.5 38.5  \
  8.5 8.5 8.5 8.5 8.5 -21.5 -21.5 -21.5 -21.5 -21.5  \
  -51.5 -51.5 -51.5 -51.5 -51.5 -81.5 -81.5 -81.5 -81.5 -81.5  \
  37.5 37.5 37.5 37.5 37.5 7.5 7.5 7.5 7.5 7.5  \
  -22.5 -22.5 -22.5 -22.5 -22.5 -52.5 -52.5 -52.5 -52.5 -52.5  \
  -82.5 -82.5 -82.5 -82.5 -82.5 36.5 36.5 36.5 36.5 36.5  \
  6.5 6.5 6.5 6.5 6.5 -23.5 -23.5 -23.5 -23.5 -23.5  \
  -53.5 -53.5 -53.5 -53.5 -53.5 -83.5 -83.5 -83.5 -83.5 -83.5  \
  35.5 35.5 35.5 35.5 35.5 5.5 5.5 5.5 5.5 5.5  \
  -24.5 -24.5 -24.5 -24.5 -24.5 -54.5 -54.5 -54.5 -54.5 -54.5  \
  -84.5 -84.5 -84.5 -84.5 -84.5 34.5 34.5 34.5 34.5 34.5  \
  4.5 4.5 4.5 4.5 4.5 -25.5 -25.5 -25.5 -25.5 -25.5  \
  -55.5 -55.5 -55.5 -55.5 -55.5 -85.5 -85.5 -85.5 -85.5 -85.5  \
  33.5 33.5 33.5 33.5 33.5 3.5 3.5 3.5 3.5 3.5  \
  -26.5 -26.5 -26.5 -26.5 -26.5 -56.5 -56.5 -56.5 -56.5 -56.5  \
  -86.5 -86.5 -86.5 -86.5 -86.5 32.5 32.5 32.5 32.5 32.5  \
  2.5 2.5 2.5 2.5 2.5 -27.5 -27.5 -27.5 -27.5 -27.5  \
  -57.5 -57.5 -57.5 -57.5 -57.5 -87.5 -87.5 -87.5 -87.5 -87.5  \
  31.5 31.5 31.5 31.5 31.5 1.5 1.5 1.5 1.5 1.5  \
  -28.5 -28.5 -28.5 -28.5 -28.5 -58.5 -58.5 -58.5 -58.5 -58.5  \
  -88.5 -88.5 -88.5 -88.5 -88.5 30.5 30.5 30.5 30.5 30.5  \
  0.5 0.5 0.5 0.5 0.5 -29.5 -29.5 -29.5 -29.5 -29.5  \
  -59.5 -59.5 -59.5 -59.5 -59.5 -89.5 -89.5 -89.5 -89.5 -89.5  \
  29.5 29.5 29.5 29.5 29.5 -0.5 -0.5 -0.5 -0.5 -0.5  \
  -30.5 -30.5 -30.5 -30.5 -30.5 -60.5 -60.5 -60.5 -60.5 -60.5  \
  -90.5 -90.5 -90.5 -90.5 -90.5 28.5 28.5 28.5 28.5 28.5  \
  -1.5 -1.5 -1.5 -1.5 -1.5 -31.5 -31.5 -31.5 -31.5 -31.5  \
  -61.5 -61.5 -61.5 -61.5 -61.5 -91.5 -91.5 -91.5 -91.5 -91.5 
CellYArray:  Double_t \
  52 -7.28665e-15 -52 26 -26 52 -3.61271e-15 -52 26 -26  \
  52 6.12323e-17 -52 26 -26 52 3.73517e-15 -52 26 -26  \
  52 7.40911e-15 -52 26 -26 52 -7.16418e-15 -52 26 -26  \
  52 -3.49024e-15 -52 26 -26 52 1.83697e-16 -52 26 -26  \
  52 3.85764e-15 -52 26 -26 52 7.53158e-15 -52 26 -26  \
  52 -7.04172e-15 -52 26 -26 52 -3.36778e-15 -52 26 -26  \
  52 3.06162e-16 -52 26 -26 52 3.9801e-15 -52 26 -26  \
  52 7.65404e-15 -52 26 -26 52 -6.91925e-15 -52 26 -26  \
  52 -3.24531e-15 -52 26 -26 52 4.28626e-16 -52 26 -26  \
  52 4.10257e-15 -52 26 -26 52 7.77651e-15 -52 26 -26  \
  52 -6.79679e-15 -52 26 -26 52 -3.12285e-15 -52 26 -26  \
  52 5.51091e-16 -52 26 -26 52 4.22503e-15 -52 26 -26  \
  52 7.89897e-15 -52 26 -26 52 -6.67432e-15 -52 26 -26  \
  52 -3.00038e-15 -52 26 -26 52 6.73556e-16 -52 26 -26  \
  52 4.3475e-15 -52 26 -26 52 8.02144e-15 -52 26 -26  \
  52 -6.55186e-15 -52 26 -26 52 -2.87792e-15 -52 26 -26  \
  52 7.9602e-16 -52 26 -26 52 4.46996e-15 -52 26 -26  \
  52 8.1439e-15 -52 26 -26 52 -6.4294e-15 -52 26 -26  \
  52 -2.75546e-15 -52 26 -26 52 9.18485e-16 -52 26 -26  \
  52 4.59243e-15 -52 26 -26 52 8.26637e-15 -52 26 -26  \
  52 -6.30693e-15 -52 26 -26 52 -2.63299e-15 -52 26 -26  \
  52 1.04095e-15 -52 26 -26 52 4.71489e-15 -52 26 -26  \
  52 8.38883e-15 -52 26 -26 52 -6.18447e-15 -52 26 -26  \
  52 -2.51053e-15 -52 26 -26 52 1.16341e-15 -52 26 -26  \
  52 4.83735e-15 -52 26 -26 52 8.5113e-15 -52 26 -26  \
  52 -6.062e-15 -52 26 -26 52 -2.38806e-15 -52 26 -26  \
  52 1.28588e-15 -52 26 -26 52 4.95982e-15 -52 26 -26  \
  52 8.63376e-15 -52 26 -26 52 -5.93954e-15 -52 26 -26  \
  52 -2.2656e-15 -52 26 -26 52 1.40834e-15 -52 26 -26  \
  52 5.08228e-15 -52 26 -26 52 8.75622e-15 -52 26 -26  \
  52 -5.81707e-15 -52 26 -26 52 -2.14313e-15 -52 26 -26  \
  52 1.53081e-15 -52 26 -26 52 5.20475e-15 -52 26 -26  \
  52 8.87869e-15 -52 26 -26 52 -5.69461e-15 -52 26 -26  \
  52 -2.02067e-15 -52 26 -26 52 1.65327e-15 -52 26 -26  \
  52 5.32721e-15 -52 26 -26 52 9.00115e-15 -52 26 -26  \
  52 -5.57214e-15 -52 26 -26 52 -1.8982e-15 -52 26 -26  \
  52 1.77574e-15 -52 26 -26 52 5.44968e-15 -52 26 -26  \
  52 9.12362e-15 -52 26 -26 52 -5.44968e-15 -52 26 -26  \
  52 -1.77574e-15 -52 26 -26 52 1.8982e-15 -52 26 -26  \
  52 5.57214e-15 -52 26 -26 52 9.24608e-15 -52 26 -26  \
  52 -5.32721e-15 -52 26 -26 52 -1.65327e-15 -52 26 -26  \
  52 2.02067e-15 -52 26 -26 52 5.69461e-15 -52 26 -26  \
  52 9.36855e-15 -52 26 -26 52 -5.20475e-15 -52 26 -26  \
  52 -1.53081e-15 -52 26 -26 52 2.14313e-15 -52 26 -26  \
  52 5.81707e-15 -52 26 -26 52 9.49101e-15 -52 26 -26  \
  52 -5.08228e-15 -52 26 -26 52 -1.40834e-15 -52 26 -26  \
  52 2.2656e-15 -52 26 -26 52 5.93954e-15 -52 26 -26  \
  52 9.61348e-15 -52 26 -26 52 -4.95982e-15 -52 26 -26  \
  52 -1.28588e-15 -52 26 -26 52 2.38806e-15 -52 26 -26  \
  52 6.062e-15 -52 26 -26 52 9.73594e-15 -52 26 -26  \
  52 -4.83735e-15 -52 26 -26 52 -1.16341e-15 -52 26 -26  \
  52 2.51053e-15 -52 26 -26 52 6.18447e-15 -52 26 -26  \
  52 9.85841e-15 -52 26 -26 52 -4.71489e-15 -52 26 -26  \
  52 -1.04095e-15 -52 26 -26 52 2.63299e-15 -52 26 -26  \
  52 6.30693e-15 -52 26 -26 52 9.98087e-15 -52 26 -26  \
  52 -4.59243e-15 -52 26 -26 52 -9.18485e-16 -52 26 -26  \
  52 2.75546e-15 -52 26 -26 52 6.4294e-15 -52 26 -26  \
  52 1.01033e-14 -52 26 -26 52 -4.46996e-15 -52 26 -26  \
  52 -7.9602e-16 -52 26 -26 52 2.87792e-15 -52 26 -26  \
  52 6.55186e-15 -52 26 -26 52 1.02258e-14 -52 26 -26  \
  52 -4.3475e-15 -52 26 -26 52 -6.73556e-16 -52 26 -26  \
  52 3.00038e-15 -52 26 -26 52 6.67432e-15 -52 26 -26  \
  52 1.03483e-14 -52 26 -26 52 -4.22503e-15 -52 26 -26  \
  52 -5.51091e-16 -52 26 -26 52 3.12285e-15 -52 26 -26  \
  52 6.79679e-15 -52 26 -26 52 1.04707e-14 -52 26 -26  \
  52 -4.10257e-15 -52 26 -26 52 -4.28626e-16 -52 26 -26  \
  52 3.24531e-15 -52 26 -26 52 6.91925e-15 -52 26 -26  \
  52 1.05932e-14 -52 26 -26 52 -3.9801e-15 -52 26 -26  \
  52 -3.06162e-16 -52 26 -26 52 3.36778e-15 -52 26 -26  \
  52 7.04172e-15 -52 26 -26 52 1.07157e-14 -52 26 -26  \
  52 -3.85764e-15 -52 26 -26 52 -1.83697e-16 -52 26 -26  \
  52 3.49024e-15 -52 26 -26 52 7.16418e-15 -52 26 -26  \
  52 1.08381e-14 -52 26 -26 52 -3.73517e-15 -52 26 -26  \
  52 -6.12323e-17 -52 26 -26 52 3.61271e-15 -52 26 -26  \
  52 7.28665e-15 -52 26 -26 52 1.09606e-14 -52 26 -26  \
  52 -3.61271e-15 -52 26 -26 52 6.12323e-17 -52 26 -26  \
  52 3.73517e-15 -52 26 -26 52 7.40911e-15 -52 26 -26  \
  52 1.10831e-14 -52 26 -26 52 -3.49024e-15 -52 26 -26  \
  52 1.83697e-16 -52 26 -26 52 3.85764e-15 -52 26 -26  \
  52 7.53158e-15 -52 26 -26 52 1.12055e-14 -52 26 -26 
CellZArray:  Double_t \
  226 226 226 236 236 231 231 231 241 241  \
  226 226 226 236 236 231 231 231 241 241  \
  226 226 226 236 236 226 226 226 236 236  \
  231 231 231 241 241 226 226 226 236 236  \
  231 231 231 241 241 226 226 226 236 236  \
  226 226 226 236 236 231 231 231 241 241  \
  226 226 226 236 236 231 231 231 241 241  \
  226 226 226 236 236 226 226 226 236 236  \
  231 231 231 241 241 226 226 226 236 236  \
  231 231 231 241 241 226 226 226 236 236  \
  226 226 226 236 236 231 231 231 241 241  \
  226 226 226 236 236 231 231 231 241 241  \
  226 226 226 236 236 226 226 226 236 236  \
  231 231 231 241 241 226 226 226 236 236  \
  231 231 231 241 241 226 226 226 236 236  \
  226 226 226 236 236 231 231 231 241 241  \
  226 226 226 236 236 231 231 231 241 241  \
  226 226 226 236 236 226 226 226 236 236  \
  231 231 231 241 241 226 226 226 236 236  \
  231 231 231 241 241 226 226 226 236 236  \
  226 226 226 236 236 231 231 231 241 241  \
  226 226 226 236 236 231 231 231 241 241  \
  226 226 226 236 236 226 226 226 236 236  \
  231 231 231 241 241 226 226 226 236 236  \
  231 231 231 241 241 226 226 226 236 236  \
  226 226 226 236 236 231 231 231 241 241  \
  226 226 226 236 236 231 231 231 241 241  \
  226 226 226 236 236 226 226 226 236 236  \
  231 231 231 241 241 226 226 226 236 236  \
  231 231 231 241 241 226 226 226 236 236  \
  226 226 226 236 236 231 231 231 241 241  \
  226 226 226 236 236 231 231 231 241 241  \
  226 226 226 236 236 226 226 226 236 236  \
  231 231 231 241 241 226 226 226 236 236  \
  231 231 231 241 241 226 226 226 236 236  \
  226 226 226 236 236 231 231 231 241 241  \
  226 226 226 236 236 231 231 231 241 241  \
  226 226 226 236 236 226 226 226 236 236  \
  231 231 231 241 241 226 226 226 236 236  \
  231 231 231 241 241 226 226 226 236 236  \
  226 226 226 236 236 231 231 231 241 241  \
  226 226 226 236 236 231 231 231 241 241  \
  226 226 226 236 236 226 226 226 236 236  \
  231 231 231 241 241 226 226 226 236 236  \
  231 231 231 241 241 226 226 226 236 236  \
  226 226 226 236 236 231 231 231 241 241  \
  226 226 226 236 236 231 231 231 241 241  \
  226 226 226 236 236 226 226 226 236 236  \
  231 231 231 241 241 226 226 226 236 236  \
  231 231 231 241 241 226 226 226 236 236  \
  226 226 226 236 236 231 231 231 241 241  \
  226 226 226 236 236 231 231 231 241 241  \
  226 226 226 236 236 226 226 226 236 236  \
  231 231 231 241 241 226 226 226 236 236  \
  231 231 231 241 241 226 226 226 236 236  \
  226 226 226 236 236 231 231 231 241 241  \
  226 226 226 236 236 231 231 231 241 241  \
  226 226 226 236 236 226 226 226 236 236  \
  231 231 231 241 241 226 226 226 236 236  \
  231 231 231 241 241 226 226 226 236 236  \
  226 226 226 236 236 231 231 231 241 241  \
  226 226 226 236 236 231 231 231 241 241  \
  226 226 226 236 236 226 226 226 236 236  \
  231 231 231 241 241 226 226 226 236 236  \
  231 231 231 241 241 226 226 226 236 236  \
  226 226 226 236 236 231 231 231 241 241  \
  226 226 226 236 236 231 231 231 241 241  \
  226 226 226 236 236 226 226 226 236 236  \
  231 231 231 241 241 226 226 226 236 236  \
  231 231 231 241 241 226 226 226 236 236  \
  226 226 226 236 236 231 231 231 241 241  \
  226 226 226 236 236 231 231 231 241 241  \
  226 226 226 236 236 226 226 226 236 236  \
  231 231 231 241 241 226 226 226 236 236  \
  231 231 231 241 241 226 226 226 236 236  \
  226 226 226 236 236 231 231 231 241 241  \
  226 226 226 236 236 231 231 231 241 241  \
  226 226 226 236 236 226 226 226 236 236  \
  231 231 231 241 241 226 226 226 236 236  \
  231 231 231 241 241 226 226 226 236 236 
CellDxArray:  Double_t \
  1 1 1 1 1 1 1 1 1 1  \
  1 1 1 1 1 1 1 1 1 1  \
  1 1 1 1 1 1 1 1 1 1  \
  1 1 1 1 1 1 1 1 1 1  \
  1 1 1 1 1 1 1 1 1 1  \
  1 1 1 1 1 1 1 1 1 1  \
  1 1 1 1 1 1 1 1 1 1  \
  1 1 1 1 1 1 1 1 1 1  \
  1 1 1 1 1 1 1 1 1 1  \
  1 1 1 1 1 1 1 1 1 1  \
  1 1 1 1 1 1 1 1 1 1  \
  1 1 1 1 1 1 1 1 1 1  \
  1 1 1 1 1 1 1 1 1 1  \
  1 1 1 1 1 1 1 1 1 1  \
  1 1 1 1 1 1 1 1 1 1  \
  1 1 1 1 1 1 1 1 1 1  \
  1 1 1 1 1 1 1 1 1 1  \
  1 1 1 1 1 1 1 1 1 1  \
  1 1 1 1 1 1 1 1 1 1  \
  1 1 1 1 1 1 1 1 1 1  \
  1 1 1 1 1 1 1 1 1 1  \
  1 1 1 1 1 1 1 1 1 1  \
  1 1 1 1 1 1 1 1 1 1  \
  1 1 1 1 1 1 1 1 1 1  \
  1 1 1 1 1 1 1 1 1 1  \
  1 1 1 1 1 1 1 1 1 1  \
  1 1 1 1 1 1 1 1 1 1  \
  1 1 1 1 1 1 1 1 1 1  \
  1 1 1 1 1 1 1 1 1 1  \
  1 1 1 1 1 1 1 1 1 1  \
  1 1 1 1 1 1 1 1 1 1  \
  1 1 1 1 1 1 1 1 1 1  \
  1 1 1 1 1 1 1 1 1 1  \
  1 1 1 1 1 1 1 1 1 1  \
  1 1 1 1 1 1 1 1 1 1  \
  1 1 1 1 1 1 1 1 1 1  \
  1 1 1 1 1 1 1 1 1 1  \
  1 1 1 1 1 1 1 1 1 1  \
  1 1 1 1 1 1 1 1 1 1  \
  1 1 1 1 1 1 1 1 1 1  \
  1 1 1 1 1 1 1 1 1 1  \
  1 1 1 1 1 1 1 1 1 1  \
  1 1 1 1 1 1 1 1 1 1  \
  1 1 1 1 1 1 1 1 1 1  \
  1 1 1 1 1 1 1 1 1 1  \
  1 1 1 1 1 1 1 1 1 1  \
  1 1 1 1 1 1 1 1 1 1  \
  1 1 1 1 1 1 1 1 1 1  \
  1 1 1 1 1 1 1 1 1 1  \
  1 1 1 1 1 1 1 1 1 1  \
  1 1 1 1 1 1 1 1 1 1  \
  1 1 1 1 1 1 1 1 1 1  \
  1 1 1 1 1 1 1 1 1 1  \
  1 1 1 1 1 1 1 1 1 1  \
  1 1 1 1 1 1 1 1 1 1  \
  1 1 1 1 1 1 1 1 1 1  \
  1 1 1 1 1 1 1 1 1 1  \
  1 1 1 1 1 1 1 1 1 1  \
  1 1 1 1 1 1 1 1 1 1  \
  1 1 1 1 1 1 1 1 1 1  \
  1 1 1 1 1 1 1 1 1 1  \
  1 1 1 1 1 1 1 1 1 1  \
  1 1 1 1 1 1 1 1 1 1  \
  1 1 1 1 1 1 1 1 1 1  \
  1 1 1 1 1 1 1 1 1 1  \
  1 1 1 1 1 1 1 1 1 1  \
  1 1 1 1 1 1 1 1 1 1  \
  1 1 1 1 1 1 1 1 1 1  \
  1 1 1 1 1 1 1 1 1 1  \
  1 1 1 1 1 1 1 1 1 1  \
  1 1 1 1 1 1 1 1 1 1  \
  1 1 1 1 1 1 1 1 1 1  \
  1 1 1 1 1 1 1 1 1 1  \
  1 1 1 1 1 1 1 1 1 1  \
  1 1 1 1 1 1 1 1 1 1  \
  1 1 1 1 1 1 1 1 1 1  \
  1 1 1 1 1 1 1 1 1 1  \
  1 1 1 1 1 1 1 1 1 1  \
  1 1 1 1 1 1 1 1 1 1  \
  1 1 1 1 1 1 1 1 1 1 
CellDyArray:  Double_t \
  26.9 26.9 26.9 26.9 26.9 26.9 26.9 26.9 26.9 26.9  \
  26.9 26.9 26.9 26.9 26.9 26.9 26.9 26.9 26.9 26.9  \
  26.9 26.9 26.9 26.9 26.9 26.9 26.9 26.9 26.9 26.9  \
  26.9 26.9 26.9 26.9 26.9 26.9 26.9 26.9 26.9 26.9  \
  26.9 26.9 26.9 26.9 26.9 26.9 26.9 26.9 26.9 26.9  \
  26.9 26.9 26.9 26.9 26.9 26.9 26.9 26.9 26.9 26.9  \
  26.9 26.9 26.9 26.9 26.9 26.9 26.9 26.9 26.9 26.9  \
  26.9 26.9 26.9 26.9 26.9 26.9 26.9 26.9 26.9 26.9  \
  26.9 26.9 26.9 26.9 26.9 26.9 26.9 26.9 26.9 26.9  \
  26.9 26.9 26.9 26.9 26.9 26.9 26.9 26.9 26.9 26.9  \
  26.9 26.9 26.9 26.9 26.9 26.9 26.9 26.9 26.9 26.9  \
  26.9 26.9 26.9 26.9 26.9 26.9 26.9 26.9 26.9 26.9  \
  26.9 26.9 26.9 26.9 26.9 26.9 26.9 26.9 26.9 26.9  \
  26.9 26.9 26.9 26.9 26.9 26.9 26.9 26.9 26.9 26.9  \
  26.9 26.9 26.9 26.9 26.9 26.9 26.9 26.9 26.9 26.9  \
  26.9 26.9 26.9 26.9 26.9 26.9 26.9 26.9 26.9 26.9  \
  26.9 26.9 26.9 26.9 26.9 26.9 26.9 26.9 26.9 26.9  \
  26.9 26.9 26.9 26.9 26.9 26.9 26.9 26.9 26.9 26.9  \
  26.9 26.9 26.9 26.9 26.9 26.9 26.9 26.9 26.9 26.9  \
  26.9 26.9 26.9 26.9 26.9 26.9 26.9 26.9 26.9 26.9  \
  26.9 26.9 26.9 26.9 26.9 26.9 26.9 26.9 26.9 26.9  \
  26.9 26.9 26.9 26.9 26.9 26.9 26.9 26.9 26.9 26.9  \
  26.9 26.9 26.9 26.9 26.9 26.9 26.9 26.9 26.9 26.9  \
  26.9 26.9 26.9 26.9 26.9 26.9 26.9 26.9 26.9 26.9  \
  26.9 26.9 26.9 26.9 26.9 26.9 26.9 26.9 26.9 26.9  \
  26.9 26.9 26.9 26.9 26.9 26.9 26.9 26.9 26.9 26.9  \
  26.9 26.9 26.9 26.9 26.9 26.9 26.9 26.9 26.9 26.9  \
  26.9 26.9 26.9 26.9 26.9 26.9 26.9 26.9 26.9 26.9  \
  26.9 26.9 26.9 26.9 26.9 26.9 26.9 26.9 26.9 26.9  \
  26.9 26.9 26.9 26.9 26.9 26.9 26.9 26.9 26.9 26.9  \
  26.9 26.9 26.9 26.9 26.9 26.9 26.9 26.9 26.9 26.9  \
  26.9 26.9 26.9 26.9 26.9 26.9 26.9 26.9 26.9 26.9  \
  26.9 26.9 26.9 26.9 26.9 26.9 26.9 26.9 26.9 26.9  \
  26.9 26.9 26.9 26.9 26.9 26.9 26.9 26.9 26.9 26.9  \
  26.9 26.9 26.9 26.9 26.9 26.9 26.9 26.9 26.9 26.9  \
  26.9 26.9 26.9 26.9 26.9 26.9 26.9 26.9 26.9 26.9  \
  26.9 26.9 26.9 26.9 26.9 26.9 26.9 26.9 26.9 26.9  \
  26.9 26.9 26.9 26.9 26.9 26.9 26.9 26.9 26.9 26.9  \
  26.9 26.9 26.9 26.9 26.9 26.9 26.9 26.9 26.9 26.9  \
  26.9 26.9 26.9 26.9 26.9 26.9 26.9 26.9 26.9 26.9  \
  26.9 26.9 26.9 26.9 26.9 26.9 26.9 26.9 26.9 26.9  \
  26.9 26.9 26.9 26.9 26.9 26.9 26.9 26.9 26.9 26.9  \
  26.9 26.9 26.9 26.9 26.9 26.9 26.9 26.9 26.9 26.9  \
  26.9 26.9 26.9 26.9 26.9 26.9 26.9 26.9 26.9 26.9  \
  26.9 26.9 26.9 26.9 26.9 26.9 26.9 26.9 26.9 26.9  \
  26.9 26.9 26.9 26.9 26.9 26.9 26.9 26.9 26.9 26.9  \
  26.9 26.9 26.9 26.9 26.9 26.9 26.9 26.9 26.9 26.9  \
  26.9 26.9 26.9 26.9 26.9 26.9 26.9 26.9 26.9 26.9  \
  26.9 26.9 26.9 26.9 26.9 26.9 26.9 26.9 26.9 26.9  \
  26.9 26.9 26.9 26.9 26.9 26.9 26.9 26.9 26.9 26.9  \
  26.9 26.9 26.9 26.9 26.9 26.9 26.9 26.9 26.9 26.9  \
  26.9 26.9 26.9 26.9 26.9 26.9 26.9 26.9 26.9 26.9  \
  26.9 26.9 26.9 26.9 26.9 26.9 26.9 26.9 26.9 26.9  \
  26.9 26.9 26.9 26.9 26.9 26.9 26.9 26.9 26.9 26.9  \
  26.9 26.9 26.9 26.9 26.9 26.9 26.9 26.9 26.9 26.9  \
  26.9 26.9 26.9 26.9 26.9 26.9 26.9 26.9 26.9 26.9  \
  26.9 26.9 26.9 26.9 26.9 26.9 26.9 26.9 26.9 26.9  \
  26.9 26.9 26.9 26.9 26.9 26.9 26.9 26.9 26.9 26.9  \
  26.9 26.9 26.9 26.9 26.9 26.9 26.9 26.9 26.9 26.9  \
  26.9 26.9 26.9 26.9 26.9 26.9 26.9 26.9 26.9 26.9  \
  26.9 26.9 26.9 26.9 26.9 26.9 26.9 26.9 26.9 26.9  \
  26.9 26.9 26.9 26.9 26.9 26.9 26.9 26.9 26.9 26.9  \
  26.9 26.9 26.9 26.9 26.9 26.9 26.9 26.9 26.9 26.9  \
  26.9 26.9 26.9 26.9 26.9 26.9 26.9 26.9 26.9 26.9  \
  26.9 26.9 26.9 26.9 26.9 26.9 26.9 26.9 26.9 26.9  \
  26.9 26.9 26.9 26.9 26.9 26.9 26.9 26.9 26.9 26.9  \
  26.9 26.9 26.9 26.9 26.9 26.9 26.9 26.9 26.9 26.9  \
  26.9 26.9 26.9 26.9 26.9 26.9 26.9 26.9 26.9 26.9  \
  26.9 26.9 26.9 26.9 26.9 26.9 26.9 26.9 26.9 26.9  \
  26.9 26.9 26.9 26.9 26.9 26.9 26.9 26.9 26.9 26.9  \
  26.9 26.9 26.9 26.9 26.9 26.9 26.9 26.9 26.9 26.9  \
  26.9 26.9 26.9 26.9 26.9 26.9 26.9 26.9 26.9 26.9  \
  26.9 26.9 26.9 26.9 26.9 26.9 26.9 26.9 26.9 26.9  \
  26.9 26.9 26.9 26.9 26.9 26.9 26.9 26.9 26.9 26.9  \
  26.9 26.9 26.9 26.9 26.9 26.9 26.9 26.9 26.9 26.9  \
  26.9 26.9 26.9 26.9 26.9 26.9 26.9 26.9 26.9 26.9  \
  26.9 26.9 26.9 26.9 26.9 26.9 26.9 26.9 26.9 26.9  \
  26.9 26.9 26.9 26.9 26.9 26.9 26.9 26.9 26.9 26.9  \
  26.9 26.9 26.9 26.9 26.9 26.9 26.9 26.9 26.9 26.9  \
  26.9 26.9 26.9 26.9 26.9 26.9 26.9 26.9 26.9 26.9 
