##############################################################################
# Class:   CbmTofDigiPar
# Context: TestDefaultContext
##############################################################################
[CbmTofDigiPar]
//----------------------------------------------------------------------------
NrOfCells:  Int_t  800 
CellIdArray:  Int_t \
  16777222 16777734 16778246 16778758 16779270 16908294 16908806 16909318 16909830 16910342  \
  17039366 17039878 17040390 17040902 17041414 17170438 17170950 17171462 17171974 17172486  \
  17301510 17302022 17302534 17303046 17303558 33554438 33554950 33555462 33555974 33556486  \
  33685510 33686022 33686534 33687046 33687558 33816582 33817094 33817606 33818118 33818630  \
  33947654 33948166 33948678 33949190 33949702 34078726 34079238 34079750 34080262 34080774  \
  50331654 50332166 50332678 50333190 50333702 50462726 50463238 50463750 50464262 50464774  \
  50593798 50594310 50594822 50595334 50595846 50724870 50725382 50725894 50726406 50726918  \
  50855942 50856454 50856966 50857478 50857990 67108870 67109382 67109894 67110406 67110918  \
  67239942 67240454 67240966 67241478 67241990 67371014 67371526 67372038 67372550 67373062  \
  67502086 67502598 67503110 67503622 67504134 67633158 67633670 67634182 67634694 67635206  \
  83886086 83886598 83887110 83887622 83888134 84017158 84017670 84018182 84018694 84019206  \
  84148230 84148742 84149254 84149766 84150278 84279302 84279814 84280326 84280838 84281350  \
  84410374 84410886 84411398 84411910 84412422 100663302 100663814 100664326 100664838 100665350  \
  100794374 100794886 100795398 100795910 100796422 100925446 100925958 100926470 100926982 100927494  \
  101056518 101057030 101057542 101058054 101058566 101187590 101188102 101188614 101189126 101189638  \
  117440518 117441030 117441542 117442054 117442566 117571590 117572102 117572614 117573126 117573638  \
  117702662 117703174 117703686 117704198 117704710 117833734 117834246 117834758 117835270 117835782  \
  117964806 117965318 117965830 117966342 117966854 134217734 134218246 134218758 134219270 134219782  \
  134348806 134349318 134349830 134350342 134350854 134479878 134480390 134480902 134481414 134481926  \
  134610950 134611462 134611974 134612486 134612998 134742022 134742534 134743046 134743558 134744070  \
  150994950 150995462 150995974 150996486 150996998 151126022 151126534 151127046 151127558 151128070  \
  151257094 151257606 151258118 151258630 151259142 151388166 151388678 151389190 151389702 151390214  \
  151519238 151519750 151520262 151520774 151521286 167772166 167772678 167773190 167773702 167774214  \
  167903238 167903750 167904262 167904774 167905286 168034310 168034822 168035334 168035846 168036358  \
  168165382 168165894 168166406 168166918 168167430 168296454 168296966 168297478 168297990 168298502  \
  184549382 184549894 184550406 184550918 184551430 184680454 184680966 184681478 184681990 184682502  \
  184811526 184812038 184812550 184813062 184813574 184942598 184943110 184943622 184944134 184944646  \
  185073670 185074182 185074694 185075206 185075718 201326598 201327110 201327622 201328134 201328646  \
  201457670 201458182 201458694 201459206 201459718 201588742 201589254 201589766 201590278 201590790  \
  201719814 201720326 201720838 201721350 201721862 201850886 201851398 201851910 201852422 201852934  \
  218103814 218104326 218104838 218105350 218105862 218234886 218235398 218235910 218236422 218236934  \
  218365958 218366470 218366982 218367494 218368006 218497030 218497542 218498054 218498566 218499078  \
  218628102 218628614 218629126 218629638 218630150 234881030 234881542 234882054 234882566 234883078  \
  235012102 235012614 235013126 235013638 235014150 235143174 235143686 235144198 235144710 235145222  \
  235274246 235274758 235275270 235275782 235276294 235405318 235405830 235406342 235406854 235407366  \
  251658246 251658758 251659270 251659782 251660294 251789318 251789830 251790342 251790854 251791366  \
  251920390 251920902 251921414 251921926 251922438 252051462 252051974 252052486 252052998 252053510  \
  252182534 252183046 252183558 252184070 252184582 268435462 268435974 268436486 268436998 268437510  \
  268566534 268567046 268567558 268568070 268568582 268697606 268698118 268698630 268699142 268699654  \
  268828678 268829190 268829702 268830214 268830726 268959750 268960262 268960774 268961286 268961798  \
  285212678 285213190 285213702 285214214 285214726 285343750 285344262 285344774 285345286 285345798  \
  285474822 285475334 285475846 285476358 285476870 285605894 285606406 285606918 285607430 285607942  \
  285736966 285737478 285737990 285738502 285739014 301989894 301990406 301990918 301991430 301991942  \
  302120966 302121478 302121990 302122502 302123014 302252038 302252550 302253062 302253574 302254086  \
  302383110 302383622 302384134 302384646 302385158 302514182 302514694 302515206 302515718 302516230  \
  318767110 318767622 318768134 318768646 318769158 318898182 318898694 318899206 318899718 318900230  \
  319029254 319029766 319030278 319030790 319031302 319160326 319160838 319161350 319161862 319162374  \
  319291398 319291910 319292422 319292934 319293446 335544326 335544838 335545350 335545862 335546374  \
  335675398 335675910 335676422 335676934 335677446 335806470 335806982 335807494 335808006 335808518  \
  335937542 335938054 335938566 335939078 335939590 336068614 336069126 336069638 336070150 336070662  \
  352321542 352322054 352322566 352323078 352323590 352452614 352453126 352453638 352454150 352454662  \
  352583686 352584198 352584710 352585222 352585734 352714758 352715270 352715782 352716294 352716806  \
  352845830 352846342 352846854 352847366 352847878 369098758 369099270 369099782 369100294 369100806  \
  369229830 369230342 369230854 369231366 369231878 369360902 369361414 369361926 369362438 369362950  \
  369491974 369492486 369492998 369493510 369494022 369623046 369623558 369624070 369624582 369625094  \
  385875974 385876486 385876998 385877510 385878022 386007046 386007558 386008070 386008582 386009094  \
  386138118 386138630 386139142 386139654 386140166 386269190 386269702 386270214 386270726 386271238  \
  386400262 386400774 386401286 386401798 386402310 402653190 402653702 402654214 402654726 402655238  \
  402784262 402784774 402785286 402785798 402786310 402915334 402915846 402916358 402916870 402917382  \
  403046406 403046918 403047430 403047942 403048454 403177478 403177990 403178502 403179014 403179526  \
  419430406 419430918 419431430 419431942 419432454 419561478 419561990 419562502 419563014 419563526  \
  419692550 419693062 419693574 419694086 419694598 419823622 419824134 419824646 419825158 419825670  \
  419954694 419955206 419955718 419956230 419956742 436207622 436208134 436208646 436209158 436209670  \
  436338694 436339206 436339718 436340230 436340742 436469766 436470278 436470790 436471302 436471814  \
  436600838 436601350 436601862 436602374 436602886 436731910 436732422 436732934 436733446 436733958  \
  452984838 452985350 452985862 452986374 452986886 453115910 453116422 453116934 453117446 453117958  \
  453246982 453247494 453248006 453248518 453249030 453378054 453378566 453379078 453379590 453380102  \
  453509126 453509638 453510150 453510662 453511174 469762054 469762566 469763078 469763590 469764102  \
  469893126 469893638 469894150 469894662 469895174 470024198 470024710 470025222 470025734 470026246  \
  470155270 470155782 470156294 470156806 470157318 470286342 470286854 470287366 470287878 470288390  \
  486539270 486539782 486540294 486540806 486541318 486670342 486670854 486671366 486671878 486672390  \
  486801414 486801926 486802438 486802950 486803462 486932486 486932998 486933510 486934022 486934534  \
  487063558 487064070 487064582 487065094 487065606 503316486 503316998 503317510 503318022 503318534  \
  503447558 503448070 503448582 503449094 503449606 503578630 503579142 503579654 503580166 503580678  \
  503709702 503710214 503710726 503711238 503711750 503840774 503841286 503841798 503842310 503842822  \
  520093702 520094214 520094726 520095238 520095750 520224774 520225286 520225798 520226310 520226822  \
  520355846 520356358 520356870 520357382 520357894 520486918 520487430 520487942 520488454 520488966  \
  520617990 520618502 520619014 520619526 520620038 536870918 536871430 536871942 536872454 536872966  \
  537001990 537002502 537003014 537003526 537004038 537133062 537133574 537134086 537134598 537135110  \
  537264134 537264646 537265158 537265670 537266182 537395206 537395718 537396230 537396742 537397254 
CellXArray:  Double_t \
  -75.5 -75.5 -75.5 -75.5 -75.5 -45.5 -45.5 -45.5 -45.5 -45.5  \
  -15.5 -15.5 -15.5 -15.5 -15.5 14.5 14.5 14.5 14.5 14.5  \
  44.5 44.5 44.5 44.5 44.5 -74.5 -74.5 -74.5 -74.5 -74.5  \
  -44.5 -44.5 -44.5 -44.5 -44.5 -14.5 -14.5 -14.5 -14.5 -14.5  \
  15.5 15.5 15.5 15.5 15.5 45.5 45.5 45.5 45.5 45.5  \
  -73.5 -73.5 -73.5 -73.5 -73.5 -43.5 -43.5 -43.5 -43.5 -43.5  \
  -13.5 -13.5 -13.5 -13.5 -13.5 16.5 16.5 16.5 16.5 16.5  \
  46.5 46.5 46.5 46.5 46.5 -72.5 -72.5 -72.5 -72.5 -72.5  \
  -42.5 -42.5 -42.5 -42.5 -42.5 -12.5 -12.5 -12.5 -12.5 -12.5  \
  17.5 17.5 17.5 17.5 17.5 47.5 47.5 47.5 47.5 47.5  \
  -71.5 -71.5 -71.5 -71.5 -71.5 -41.5 -41.5 -41.5 -41.5 -41.5  \
  -11.5 -11.5 -11.5 -11.5 -11.5 18.5 18.5 18.5 18.5 18.5  \
  48.5 48.5 48.5 48.5 48.5 -70.5 -70.5 -70.5 -70.5 -70.5  \
  -40.5 -40.5 -40.5 -40.5 -40.5 -10.5 -10.5 -10.5 -10.5 -10.5  \
  19.5 19.5 19.5 19.5 19.5 49.5 49.5 49.5 49.5 49.5  \
  -69.5 -69.5 -69.5 -69.5 -69.5 -39.5 -39.5 -39.5 -39.5 -39.5  \
  -9.5 -9.5 -9.5 -9.5 -9.5 20.5 20.5 20.5 20.5 20.5  \
  50.5 50.5 50.5 50.5 50.5 -68.5 -68.5 -68.5 -68.5 -68.5  \
  -38.5 -38.5 -38.5 -38.5 -38.5 -8.5 -8.5 -8.5 -8.5 -8.5  \
  21.5 21.5 21.5 21.5 21.5 51.5 51.5 51.5 51.5 51.5  \
  -67.5 -67.5 -67.5 -67.5 -67.5 -37.5 -37.5 -37.5 -37.5 -37.5  \
  -7.5 -7.5 -7.5 -7.5 -7.5 22.5 22.5 22.5 22.5 22.5  \
  52.5 52.5 52.5 52.5 52.5 -66.5 -66.5 -66.5 -66.5 -66.5  \
  -36.5 -36.5 -36.5 -36.5 -36.5 -6.5 -6.5 -6.5 -6.5 -6.5  \
  23.5 23.5 23.5 23.5 23.5 53.5 53.5 53.5 53.5 53.5  \
  -65.5 -65.5 -65.5 -65.5 -65.5 -35.5 -35.5 -35.5 -35.5 -35.5  \
  -5.5 -5.5 -5.5 -5.5 -5.5 24.5 24.5 24.5 24.5 24.5  \
  54.5 54.5 54.5 54.5 54.5 -64.5 -64.5 -64.5 -64.5 -64.5  \
  -34.5 -34.5 -34.5 -34.5 -34.5 -4.5 -4.5 -4.5 -4.5 -4.5  \
  25.5 25.5 25.5 25.5 25.5 55.5 55.5 55.5 55.5 55.5  \
  -63.5 -63.5 -63.5 -63.5 -63.5 -33.5 -33.5 -33.5 -33.5 -33.5  \
  -3.5 -3.5 -3.5 -3.5 -3.5 26.5 26.5 26.5 26.5 26.5  \
  56.5 56.5 56.5 56.5 56.5 -62.5 -62.5 -62.5 -62.5 -62.5  \
  -32.5 -32.5 -32.5 -32.5 -32.5 -2.5 -2.5 -2.5 -2.5 -2.5  \
  27.5 27.5 27.5 27.5 27.5 57.5 57.5 57.5 57.5 57.5  \
  -61.5 -61.5 -61.5 -61.5 -61.5 -31.5 -31.5 -31.5 -31.5 -31.5  \
  -1.5 -1.5 -1.5 -1.5 -1.5 28.5 28.5 28.5 28.5 28.5  \
  58.5 58.5 58.5 58.5 58.5 -60.5 -60.5 -60.5 -60.5 -60.5  \
  -30.5 -30.5 -30.5 -30.5 -30.5 -0.5 -0.5 -0.5 -0.5 -0.5  \
  29.5 29.5 29.5 29.5 29.5 59.5 59.5 59.5 59.5 59.5  \
  -59.5 -59.5 -59.5 -59.5 -59.5 -29.5 -29.5 -29.5 -29.5 -29.5  \
  0.5 0.5 0.5 0.5 0.5 30.5 30.5 30.5 30.5 30.5  \
  60.5 60.5 60.5 60.5 60.5 -58.5 -58.5 -58.5 -58.5 -58.5  \
  -28.5 -28.5 -28.5 -28.5 -28.5 1.5 1.5 1.5 1.5 1.5  \
  31.5 31.5 31.5 31.5 31.5 61.5 61.5 61.5 61.5 61.5  \
  -57.5 -57.5 -57.5 -57.5 -57.5 -27.5 -27.5 -27.5 -27.5 -27.5  \
  2.5 2.5 2.5 2.5 2.5 32.5 32.5 32.5 32.5 32.5  \
  62.5 62.5 62.5 62.5 62.5 -56.5 -56.5 -56.5 -56.5 -56.5  \
  -26.5 -26.5 -26.5 -26.5 -26.5 3.5 3.5 3.5 3.5 3.5  \
  33.5 33.5 33.5 33.5 33.5 63.5 63.5 63.5 63.5 63.5  \
  -55.5 -55.5 -55.5 -55.5 -55.5 -25.5 -25.5 -25.5 -25.5 -25.5  \
  4.5 4.5 4.5 4.5 4.5 34.5 34.5 34.5 34.5 34.5  \
  64.5 64.5 64.5 64.5 64.5 -54.5 -54.5 -54.5 -54.5 -54.5  \
  -24.5 -24.5 -24.5 -24.5 -24.5 5.5 5.5 5.5 5.5 5.5  \
  35.5 35.5 35.5 35.5 35.5 65.5 65.5 65.5 65.5 65.5  \
  -53.5 -53.5 -53.5 -53.5 -53.5 -23.5 -23.5 -23.5 -23.5 -23.5  \
  6.5 6.5 6.5 6.5 6.5 36.5 36.5 36.5 36.5 36.5  \
  66.5 66.5 66.5 66.5 66.5 -52.5 -52.5 -52.5 -52.5 -52.5  \
  -22.5 -22.5 -22.5 -22.5 -22.5 7.5 7.5 7.5 7.5 7.5  \
  37.5 37.5 37.5 37.5 37.5 67.5 67.5 67.5 67.5 67.5  \
  -51.5 -51.5 -51.5 -51.5 -51.5 -21.5 -21.5 -21.5 -21.5 -21.5  \
  8.5 8.5 8.5 8.5 8.5 38.5 38.5 38.5 38.5 38.5  \
  68.5 68.5 68.5 68.5 68.5 -50.5 -50.5 -50.5 -50.5 -50.5  \
  -20.5 -20.5 -20.5 -20.5 -20.5 9.5 9.5 9.5 9.5 9.5  \
  39.5 39.5 39.5 39.5 39.5 69.5 69.5 69.5 69.5 69.5  \
  -49.5 -49.5 -49.5 -49.5 -49.5 -19.5 -19.5 -19.5 -19.5 -19.5  \
  10.5 10.5 10.5 10.5 10.5 40.5 40.5 40.5 40.5 40.5  \
  70.5 70.5 70.5 70.5 70.5 -48.5 -48.5 -48.5 -48.5 -48.5  \
  -18.5 -18.5 -18.5 -18.5 -18.5 11.5 11.5 11.5 11.5 11.5  \
  41.5 41.5 41.5 41.5 41.5 71.5 71.5 71.5 71.5 71.5  \
  -47.5 -47.5 -47.5 -47.5 -47.5 -17.5 -17.5 -17.5 -17.5 -17.5  \
  12.5 12.5 12.5 12.5 12.5 42.5 42.5 42.5 42.5 42.5  \
  72.5 72.5 72.5 72.5 72.5 -46.5 -46.5 -46.5 -46.5 -46.5  \
  -16.5 -16.5 -16.5 -16.5 -16.5 13.5 13.5 13.5 13.5 13.5  \
  43.5 43.5 43.5 43.5 43.5 73.5 73.5 73.5 73.5 73.5  \
  -45.5 -45.5 -45.5 -45.5 -45.5 -15.5 -15.5 -15.5 -15.5 -15.5  \
  14.5 14.5 14.5 14.5 14.5 44.5 44.5 44.5 44.5 44.5  \
  74.5 74.5 74.5 74.5 74.5 -44.5 -44.5 -44.5 -44.5 -44.5  \
  -14.5 -14.5 -14.5 -14.5 -14.5 15.5 15.5 15.5 15.5 15.5  \
  45.5 45.5 45.5 45.5 45.5 75.5 75.5 75.5 75.5 75.5 
CellYArray:  Double_t \
  -52 0 52 -26 26 -52 0 52 -26 26  \
  -52 0 52 -26 26 -52 0 52 -26 26  \
  -52 0 52 -26 26 -52 0 52 -26 26  \
  -52 0 52 -26 26 -52 0 52 -26 26  \
  -52 0 52 -26 26 -52 0 52 -26 26  \
  -52 0 52 -26 26 -52 0 52 -26 26  \
  -52 0 52 -26 26 -52 0 52 -26 26  \
  -52 0 52 -26 26 -52 0 52 -26 26  \
  -52 0 52 -26 26 -52 0 52 -26 26  \
  -52 0 52 -26 26 -52 0 52 -26 26  \
  -52 0 52 -26 26 -52 0 52 -26 26  \
  -52 0 52 -26 26 -52 0 52 -26 26  \
  -52 0 52 -26 26 -52 0 52 -26 26  \
  -52 0 52 -26 26 -52 0 52 -26 26  \
  -52 0 52 -26 26 -52 0 52 -26 26  \
  -52 0 52 -26 26 -52 0 52 -26 26  \
  -52 0 52 -26 26 -52 0 52 -26 26  \
  -52 0 52 -26 26 -52 0 52 -26 26  \
  -52 0 52 -26 26 -52 0 52 -26 26  \
  -52 0 52 -26 26 -52 0 52 -26 26  \
  -52 0 52 -26 26 -52 0 52 -26 26  \
  -52 0 52 -26 26 -52 0 52 -26 26  \
  -52 0 52 -26 26 -52 0 52 -26 26  \
  -52 0 52 -26 26 -52 0 52 -26 26  \
  -52 0 52 -26 26 -52 0 52 -26 26  \
  -52 0 52 -26 26 -52 0 52 -26 26  \
  -52 0 52 -26 26 -52 0 52 -26 26  \
  -52 0 52 -26 26 -52 0 52 -26 26  \
  -52 0 52 -26 26 -52 0 52 -26 26  \
  -52 0 52 -26 26 -52 0 52 -26 26  \
  -52 0 52 -26 26 -52 0 52 -26 26  \
  -52 0 52 -26 26 -52 0 52 -26 26  \
  -52 0 52 -26 26 -52 0 52 -26 26  \
  -52 0 52 -26 26 -52 0 52 -26 26  \
  -52 0 52 -26 26 -52 0 52 -26 26  \
  -52 0 52 -26 26 -52 0 52 -26 26  \
  -52 0 52 -26 26 -52 0 52 -26 26  \
  -52 0 52 -26 26 -52 0 52 -26 26  \
  -52 0 52 -26 26 -52 0 52 -26 26  \
  -52 0 52 -26 26 -52 0 52 -26 26  \
  -52 0 52 -26 26 -52 0 52 -26 26  \
  -52 0 52 -26 26 -52 0 52 -26 26  \
  -52 0 52 -26 26 -52 0 52 -26 26  \
  -52 0 52 -26 26 -52 0 52 -26 26  \
  -52 0 52 -26 26 -52 0 52 -26 26  \
  -52 0 52 -26 26 -52 0 52 -26 26  \
  -52 0 52 -26 26 -52 0 52 -26 26  \
  -52 0 52 -26 26 -52 0 52 -26 26  \
  -52 0 52 -26 26 -52 0 52 -26 26  \
  -52 0 52 -26 26 -52 0 52 -26 26  \
  -52 0 52 -26 26 -52 0 52 -26 26  \
  -52 0 52 -26 26 -52 0 52 -26 26  \
  -52 0 52 -26 26 -52 0 52 -26 26  \
  -52 0 52 -26 26 -52 0 52 -26 26  \
  -52 0 52 -26 26 -52 0 52 -26 26  \
  -52 0 52 -26 26 -52 0 52 -26 26  \
  -52 0 52 -26 26 -52 0 52 -26 26  \
  -52 0 52 -26 26 -52 0 52 -26 26  \
  -52 0 52 -26 26 -52 0 52 -26 26  \
  -52 0 52 -26 26 -52 0 52 -26 26  \
  -52 0 52 -26 26 -52 0 52 -26 26  \
  -52 0 52 -26 26 -52 0 52 -26 26  \
  -52 0 52 -26 26 -52 0 52 -26 26  \
  -52 0 52 -26 26 -52 0 52 -26 26  \
  -52 0 52 -26 26 -52 0 52 -26 26  \
  -52 0 52 -26 26 -52 0 52 -26 26  \
  -52 0 52 -26 26 -52 0 52 -26 26  \
  -52 0 52 -26 26 -52 0 52 -26 26  \
  -52 0 52 -26 26 -52 0 52 -26 26  \
  -52 0 52 -26 26 -52 0 52 -26 26  \
  -52 0 52 -26 26 -52 0 52 -26 26  \
  -52 0 52 -26 26 -52 0 52 -26 26  \
  -52 0 52 -26 26 -52 0 52 -26 26  \
  -52 0 52 -26 26 -52 0 52 -26 26  \
  -52 0 52 -26 26 -52 0 52 -26 26  \
  -52 0 52 -26 26 -52 0 52 -26 26  \
  -52 0 52 -26 26 -52 0 52 -26 26  \
  -52 0 52 -26 26 -52 0 52 -26 26  \
  -52 0 52 -26 26 -52 0 52 -26 26  \
  -52 0 52 -26 26 -52 0 52 -26 26 
CellZArray:  Double_t \
  346 346 346 356 356 351 351 351 361 361  \
  346 346 346 356 356 351 351 351 361 361  \
  346 346 346 356 356 346 346 346 356 356  \
  351 351 351 361 361 346 346 346 356 356  \
  351 351 351 361 361 346 346 346 356 356  \
  346 346 346 356 356 351 351 351 361 361  \
  346 346 346 356 356 351 351 351 361 361  \
  346 346 346 356 356 346 346 346 356 356  \
  351 351 351 361 361 346 346 346 356 356  \
  351 351 351 361 361 346 346 346 356 356  \
  346 346 346 356 356 351 351 351 361 361  \
  346 346 346 356 356 351 351 351 361 361  \
  346 346 346 356 356 346 346 346 356 356  \
  351 351 351 361 361 346 346 346 356 356  \
  351 351 351 361 361 346 346 346 356 356  \
  346 346 346 356 356 351 351 351 361 361  \
  346 346 346 356 356 351 351 351 361 361  \
  346 346 346 356 356 346 346 346 356 356  \
  351 351 351 361 361 346 346 346 356 356  \
  351 351 351 361 361 346 346 346 356 356  \
  346 346 346 356 356 351 351 351 361 361  \
  346 346 346 356 356 351 351 351 361 361  \
  346 346 346 356 356 346 346 346 356 356  \
  351 351 351 361 361 346 346 346 356 356  \
  351 351 351 361 361 346 346 346 356 356  \
  346 346 346 356 356 351 351 351 361 361  \
  346 346 346 356 356 351 351 351 361 361  \
  346 346 346 356 356 346 346 346 356 356  \
  351 351 351 361 361 346 346 346 356 356  \
  351 351 351 361 361 346 346 346 356 356  \
  346 346 346 356 356 351 351 351 361 361  \
  346 346 346 356 356 351 351 351 361 361  \
  346 346 346 356 356 346 346 346 356 356  \
  351 351 351 361 361 346 346 346 356 356  \
  351 351 351 361 361 346 346 346 356 356  \
  346 346 346 356 356 351 351 351 361 361  \
  346 346 346 356 356 351 351 351 361 361  \
  346 346 346 356 356 346 346 346 356 356  \
  351 351 351 361 361 346 346 346 356 356  \
  351 351 351 361 361 346 346 346 356 356  \
  346 346 346 356 356 351 351 351 361 361  \
  346 346 346 356 356 351 351 351 361 361  \
  346 346 346 356 356 346 346 346 356 356  \
  351 351 351 361 361 346 346 346 356 356  \
  351 351 351 361 361 346 346 346 356 356  \
  346 346 346 356 356 351 351 351 361 361  \
  346 346 346 356 356 351 351 351 361 361  \
  346 346 346 356 356 346 346 346 356 356  \
  351 351 351 361 361 346 346 346 356 356  \
  351 351 351 361 361 346 346 346 356 356  \
  346 346 346 356 356 351 351 351 361 361  \
  346 346 346 356 356 351 351 351 361 361  \
  346 346 346 356 356 346 346 346 356 356  \
  351 351 351 361 361 346 346 346 356 356  \
  351 351 351 361 361 346 346 346 356 356  \
  346 346 346 356 356 351 351 351 361 361  \
  346 346 346 356 356 351 351 351 361 361  \
  346 346 346 356 356 346 346 346 356 356  \
  351 351 351 361 361 346 346 346 356 356  \
  351 351 351 361 361 346 346 346 356 356  \
  346 346 346 356 356 351 351 351 361 361  \
  346 346 346 356 356 351 351 351 361 361  \
  346 346 346 356 356 346 346 346 356 356  \
  351 351 351 361 361 346 346 346 356 356  \
  351 351 351 361 361 346 346 346 356 356  \
  346 346 346 356 356 351 351 351 361 361  \
  346 346 346 356 356 351 351 351 361 361  \
  346 346 346 356 356 346 346 346 356 356  \
  351 351 351 361 361 346 346 346 356 356  \
  351 351 351 361 361 346 346 346 356 356  \
  346 346 346 356 356 351 351 351 361 361  \
  346 346 346 356 356 351 351 351 361 361  \
  346 346 346 356 356 346 346 346 356 356  \
  351 351 351 361 361 346 346 346 356 356  \
  351 351 351 361 361 346 346 346 356 356  \
  346 346 346 356 356 351 351 351 361 361  \
  346 346 346 356 356 351 351 351 361 361  \
  346 346 346 356 356 346 346 346 356 356  \
  351 351 351 361 361 346 346 346 356 356  \
  351 351 351 361 361 346 346 346 356 356 
CellDxArray:  Double_t \
  1 1 1 1 1 1 1 1 1 1  \
  1 1 1 1 1 1 1 1 1 1  \
  1 1 1 1 1 1 1 1 1 1  \
  1 1 1 1 1 1 1 1 1 1  \
  1 1 1 1 1 1 1 1 1 1  \
  1 1 1 1 1 1 1 1 1 1  \
  1 1 1 1 1 1 1 1 1 1  \
  1 1 1 1 1 1 1 1 1 1  \
  1 1 1 1 1 1 1 1 1 1  \
  1 1 1 1 1 1 1 1 1 1  \
  1 1 1 1 1 1 1 1 1 1  \
  1 1 1 1 1 1 1 1 1 1  \
  1 1 1 1 1 1 1 1 1 1  \
  1 1 1 1 1 1 1 1 1 1  \
  1 1 1 1 1 1 1 1 1 1  \
  1 1 1 1 1 1 1 1 1 1  \
  1 1 1 1 1 1 1 1 1 1  \
  1 1 1 1 1 1 1 1 1 1  \
  1 1 1 1 1 1 1 1 1 1  \
  1 1 1 1 1 1 1 1 1 1  \
  1 1 1 1 1 1 1 1 1 1  \
  1 1 1 1 1 1 1 1 1 1  \
  1 1 1 1 1 1 1 1 1 1  \
  1 1 1 1 1 1 1 1 1 1  \
  1 1 1 1 1 1 1 1 1 1  \
  1 1 1 1 1 1 1 1 1 1  \
  1 1 1 1 1 1 1 1 1 1  \
  1 1 1 1 1 1 1 1 1 1  \
  1 1 1 1 1 1 1 1 1 1  \
  1 1 1 1 1 1 1 1 1 1  \
  1 1 1 1 1 1 1 1 1 1  \
  1 1 1 1 1 1 1 1 1 1  \
  1 1 1 1 1 1 1 1 1 1  \
  1 1 1 1 1 1 1 1 1 1  \
  1 1 1 1 1 1 1 1 1 1  \
  1 1 1 1 1 1 1 1 1 1  \
  1 1 1 1 1 1 1 1 1 1  \
  1 1 1 1 1 1 1 1 1 1  \
  1 1 1 1 1 1 1 1 1 1  \
  1 1 1 1 1 1 1 1 1 1  \
  1 1 1 1 1 1 1 1 1 1  \
  1 1 1 1 1 1 1 1 1 1  \
  1 1 1 1 1 1 1 1 1 1  \
  1 1 1 1 1 1 1 1 1 1  \
  1 1 1 1 1 1 1 1 1 1  \
  1 1 1 1 1 1 1 1 1 1  \
  1 1 1 1 1 1 1 1 1 1  \
  1 1 1 1 1 1 1 1 1 1  \
  1 1 1 1 1 1 1 1 1 1  \
  1 1 1 1 1 1 1 1 1 1  \
  1 1 1 1 1 1 1 1 1 1  \
  1 1 1 1 1 1 1 1 1 1  \
  1 1 1 1 1 1 1 1 1 1  \
  1 1 1 1 1 1 1 1 1 1  \
  1 1 1 1 1 1 1 1 1 1  \
  1 1 1 1 1 1 1 1 1 1  \
  1 1 1 1 1 1 1 1 1 1  \
  1 1 1 1 1 1 1 1 1 1  \
  1 1 1 1 1 1 1 1 1 1  \
  1 1 1 1 1 1 1 1 1 1  \
  1 1 1 1 1 1 1 1 1 1  \
  1 1 1 1 1 1 1 1 1 1  \
  1 1 1 1 1 1 1 1 1 1  \
  1 1 1 1 1 1 1 1 1 1  \
  1 1 1 1 1 1 1 1 1 1  \
  1 1 1 1 1 1 1 1 1 1  \
  1 1 1 1 1 1 1 1 1 1  \
  1 1 1 1 1 1 1 1 1 1  \
  1 1 1 1 1 1 1 1 1 1  \
  1 1 1 1 1 1 1 1 1 1  \
  1 1 1 1 1 1 1 1 1 1  \
  1 1 1 1 1 1 1 1 1 1  \
  1 1 1 1 1 1 1 1 1 1  \
  1 1 1 1 1 1 1 1 1 1  \
  1 1 1 1 1 1 1 1 1 1  \
  1 1 1 1 1 1 1 1 1 1  \
  1 1 1 1 1 1 1 1 1 1  \
  1 1 1 1 1 1 1 1 1 1  \
  1 1 1 1 1 1 1 1 1 1  \
  1 1 1 1 1 1 1 1 1 1 
CellDyArray:  Double_t \
  26.9 26.9 26.9 26.9 26.9 26.9 26.9 26.9 26.9 26.9  \
  26.9 26.9 26.9 26.9 26.9 26.9 26.9 26.9 26.9 26.9  \
  26.9 26.9 26.9 26.9 26.9 26.9 26.9 26.9 26.9 26.9  \
  26.9 26.9 26.9 26.9 26.9 26.9 26.9 26.9 26.9 26.9  \
  26.9 26.9 26.9 26.9 26.9 26.9 26.9 26.9 26.9 26.9  \
  26.9 26.9 26.9 26.9 26.9 26.9 26.9 26.9 26.9 26.9  \
  26.9 26.9 26.9 26.9 26.9 26.9 26.9 26.9 26.9 26.9  \
  26.9 26.9 26.9 26.9 26.9 26.9 26.9 26.9 26.9 26.9  \
  26.9 26.9 26.9 26.9 26.9 26.9 26.9 26.9 26.9 26.9  \
  26.9 26.9 26.9 26.9 26.9 26.9 26.9 26.9 26.9 26.9  \
  26.9 26.9 26.9 26.9 26.9 26.9 26.9 26.9 26.9 26.9  \
  26.9 26.9 26.9 26.9 26.9 26.9 26.9 26.9 26.9 26.9  \
  26.9 26.9 26.9 26.9 26.9 26.9 26.9 26.9 26.9 26.9  \
  26.9 26.9 26.9 26.9 26.9 26.9 26.9 26.9 26.9 26.9  \
  26.9 26.9 26.9 26.9 26.9 26.9 26.9 26.9 26.9 26.9  \
  26.9 26.9 26.9 26.9 26.9 26.9 26.9 26.9 26.9 26.9  \
  26.9 26.9 26.9 26.9 26.9 26.9 26.9 26.9 26.9 26.9  \
  26.9 26.9 26.9 26.9 26.9 26.9 26.9 26.9 26.9 26.9  \
  26.9 26.9 26.9 26.9 26.9 26.9 26.9 26.9 26.9 26.9  \
  26.9 26.9 26.9 26.9 26.9 26.9 26.9 26.9 26.9 26.9  \
  26.9 26.9 26.9 26.9 26.9 26.9 26.9 26.9 26.9 26.9  \
  26.9 26.9 26.9 26.9 26.9 26.9 26.9 26.9 26.9 26.9  \
  26.9 26.9 26.9 26.9 26.9 26.9 26.9 26.9 26.9 26.9  \
  26.9 26.9 26.9 26.9 26.9 26.9 26.9 26.9 26.9 26.9  \
  26.9 26.9 26.9 26.9 26.9 26.9 26.9 26.9 26.9 26.9  \
  26.9 26.9 26.9 26.9 26.9 26.9 26.9 26.9 26.9 26.9  \
  26.9 26.9 26.9 26.9 26.9 26.9 26.9 26.9 26.9 26.9  \
  26.9 26.9 26.9 26.9 26.9 26.9 26.9 26.9 26.9 26.9  \
  26.9 26.9 26.9 26.9 26.9 26.9 26.9 26.9 26.9 26.9  \
  26.9 26.9 26.9 26.9 26.9 26.9 26.9 26.9 26.9 26.9  \
  26.9 26.9 26.9 26.9 26.9 26.9 26.9 26.9 26.9 26.9  \
  26.9 26.9 26.9 26.9 26.9 26.9 26.9 26.9 26.9 26.9  \
  26.9 26.9 26.9 26.9 26.9 26.9 26.9 26.9 26.9 26.9  \
  26.9 26.9 26.9 26.9 26.9 26.9 26.9 26.9 26.9 26.9  \
  26.9 26.9 26.9 26.9 26.9 26.9 26.9 26.9 26.9 26.9  \
  26.9 26.9 26.9 26.9 26.9 26.9 26.9 26.9 26.9 26.9  \
  26.9 26.9 26.9 26.9 26.9 26.9 26.9 26.9 26.9 26.9  \
  26.9 26.9 26.9 26.9 26.9 26.9 26.9 26.9 26.9 26.9  \
  26.9 26.9 26.9 26.9 26.9 26.9 26.9 26.9 26.9 26.9  \
  26.9 26.9 26.9 26.9 26.9 26.9 26.9 26.9 26.9 26.9  \
  26.9 26.9 26.9 26.9 26.9 26.9 26.9 26.9 26.9 26.9  \
  26.9 26.9 26.9 26.9 26.9 26.9 26.9 26.9 26.9 26.9  \
  26.9 26.9 26.9 26.9 26.9 26.9 26.9 26.9 26.9 26.9  \
  26.9 26.9 26.9 26.9 26.9 26.9 26.9 26.9 26.9 26.9  \
  26.9 26.9 26.9 26.9 26.9 26.9 26.9 26.9 26.9 26.9  \
  26.9 26.9 26.9 26.9 26.9 26.9 26.9 26.9 26.9 26.9  \
  26.9 26.9 26.9 26.9 26.9 26.9 26.9 26.9 26.9 26.9  \
  26.9 26.9 26.9 26.9 26.9 26.9 26.9 26.9 26.9 26.9  \
  26.9 26.9 26.9 26.9 26.9 26.9 26.9 26.9 26.9 26.9  \
  26.9 26.9 26.9 26.9 26.9 26.9 26.9 26.9 26.9 26.9  \
  26.9 26.9 26.9 26.9 26.9 26.9 26.9 26.9 26.9 26.9  \
  26.9 26.9 26.9 26.9 26.9 26.9 26.9 26.9 26.9 26.9  \
  26.9 26.9 26.9 26.9 26.9 26.9 26.9 26.9 26.9 26.9  \
  26.9 26.9 26.9 26.9 26.9 26.9 26.9 26.9 26.9 26.9  \
  26.9 26.9 26.9 26.9 26.9 26.9 26.9 26.9 26.9 26.9  \
  26.9 26.9 26.9 26.9 26.9 26.9 26.9 26.9 26.9 26.9  \
  26.9 26.9 26.9 26.9 26.9 26.9 26.9 26.9 26.9 26.9  \
  26.9 26.9 26.9 26.9 26.9 26.9 26.9 26.9 26.9 26.9  \
  26.9 26.9 26.9 26.9 26.9 26.9 26.9 26.9 26.9 26.9  \
  26.9 26.9 26.9 26.9 26.9 26.9 26.9 26.9 26.9 26.9  \
  26.9 26.9 26.9 26.9 26.9 26.9 26.9 26.9 26.9 26.9  \
  26.9 26.9 26.9 26.9 26.9 26.9 26.9 26.9 26.9 26.9  \
  26.9 26.9 26.9 26.9 26.9 26.9 26.9 26.9 26.9 26.9  \
  26.9 26.9 26.9 26.9 26.9 26.9 26.9 26.9 26.9 26.9  \
  26.9 26.9 26.9 26.9 26.9 26.9 26.9 26.9 26.9 26.9  \
  26.9 26.9 26.9 26.9 26.9 26.9 26.9 26.9 26.9 26.9  \
  26.9 26.9 26.9 26.9 26.9 26.9 26.9 26.9 26.9 26.9  \
  26.9 26.9 26.9 26.9 26.9 26.9 26.9 26.9 26.9 26.9  \
  26.9 26.9 26.9 26.9 26.9 26.9 26.9 26.9 26.9 26.9  \
  26.9 26.9 26.9 26.9 26.9 26.9 26.9 26.9 26.9 26.9  \
  26.9 26.9 26.9 26.9 26.9 26.9 26.9 26.9 26.9 26.9  \
  26.9 26.9 26.9 26.9 26.9 26.9 26.9 26.9 26.9 26.9  \
  26.9 26.9 26.9 26.9 26.9 26.9 26.9 26.9 26.9 26.9  \
  26.9 26.9 26.9 26.9 26.9 26.9 26.9 26.9 26.9 26.9  \
  26.9 26.9 26.9 26.9 26.9 26.9 26.9 26.9 26.9 26.9  \
  26.9 26.9 26.9 26.9 26.9 26.9 26.9 26.9 26.9 26.9  \
  26.9 26.9 26.9 26.9 26.9 26.9 26.9 26.9 26.9 26.9  \
  26.9 26.9 26.9 26.9 26.9 26.9 26.9 26.9 26.9 26.9  \
  26.9 26.9 26.9 26.9 26.9 26.9 26.9 26.9 26.9 26.9  \
  26.9 26.9 26.9 26.9 26.9 26.9 26.9 26.9 26.9 26.9 