##############################################################################
# Class:   CbmTrdDigiPar
# Context: TestDefaultContext
##############################################################################
[CbmTrdDigiPar]
//----------------------------------------------------------------------------
NrOfModules:  Int_t  8 
MaxSectors:  Int_t  3 
ModuleIdArray:  Int_t \
  5 21 261 277 517 533 773 789 
5:  Double_t \
  0 -28.5 -28.5 231.6 27 27 0.6 54 4.5 0.675  \
  4.5 54 45 0.675 4.5 54 4.5 0.675 4.5 
21:  Double_t \
  3 -28.5 -28.5 276.6 27 27 0.6 54 4.5 0.675  \
  4.5 54 45 0.675 4.5 54 4.5 0.675 4.5 
261:  Double_t \
  0 28.5 -28.5 231.6 27 27 0.6 54 4.5 0.675  \
  4.5 54 45 0.675 4.5 54 4.5 0.675 4.5 
277:  Double_t \
  1 28.5 -28.5 276.6 27 27 0.6 54 4.5 0.675  \
  4.5 54 45 0.675 4.5 54 4.5 0.675 4.5 
517:  Double_t \
  2 -28.5 28.5 231.6 27 27 0.6 54 4.5 0.675  \
  4.5 54 45 0.675 4.5 54 4.5 0.675 4.5 
533:  Double_t \
  3 -28.5 28.5 276.6 27 27 0.6 54 4.5 0.675  \
  4.5 54 45 0.675 4.5 54 4.5 0.675 4.5 
773:  Double_t \
  2 28.5 28.5 231.6 27 27 0.6 54 4.5 0.675  \
  4.5 54 45 0.675 4.5 54 4.5 0.675 4.5 
789:  Double_t \
  1 28.5 28.5 276.6 27 27 0.6 54 4.5 0.675  \
  4.5 54 45 0.675 4.5 54 4.5 0.675 4.5 