[CbmStsDigiPar]
1   0   4
   1    1
     1      3    -2.955    -3.100    30.565      180     5.97     5.96     0.03   0.0058   0.0058     0.00     7.50
   2    1
     1      3    -2.955     2.830    30.515        0     5.97     5.96     0.03   0.0058   0.0058     0.00     7.50
   3    1
     1      3     2.955    -3.100    29.435      180     5.97     5.96     0.03   0.0058   0.0058     0.00     7.50
   4    1
     1      3     2.955     2.830    29.485        0     5.97     5.96     0.03   0.0058   0.0058     0.00     7.50
2   0   9
   1    1
     1      3    -5.909    -6.065    39.385      180     5.97     5.96     0.03   0.0058   0.0058     0.00     7.50
   2    1
     1      3    -5.909    -0.135    39.435      180     5.97     5.96     0.03   0.0058   0.0058     0.00     7.50
   3    1
     1      3    -5.909     5.795    39.485        0     5.97     5.96     0.03   0.0058   0.0058     0.00     7.50
   4    1
     1      3    -0.000    -6.065    40.615      180     5.97     5.96     0.03   0.0058   0.0058     0.00     7.50
   5    1
     1      3     0.000    -0.135    40.565      180     5.97     5.96     0.03   0.0058   0.0058     0.00     7.50
   6    1
     1      3     0.000     5.795    40.515        0     5.97     5.96     0.03   0.0058   0.0058     0.00     7.50
   7    1
     1      3     5.909    -6.065    39.385      180     5.97     5.96     0.03   0.0058   0.0058     0.00     7.50
   8    1
     1      3     5.909    -0.135    39.435      180     5.97     5.96     0.03   0.0058   0.0058     0.00     7.50
   9    1
     1      3     5.909     5.795    39.485        0     5.97     5.96     0.03   0.0058   0.0058     0.00     7.50
